rule_id,category_id,product_id,storage_type_id,min_days,max_days,recommended_days,rule_status,confidence,evidence_classification,source_name,source_url,source_locator,source_value_text,handling_notes
1,3,,1,1,2,1.5,AVAILABLE,HIGH,CATEGORY_GENERALIZATION,FDA seafood storage guidance,https://www.fda.gov/food/buy-store-serve-safe-food/selecting-and-serving-fresh-and-frozen-seafood-safely,,1-2 days (category fallback),Use only when image recognition identifies the category but not a catalogue product.
2,3,,2,60,240,150,AVAILABLE,HIGH,CATEGORY_GENERALIZATION,FoodSafety.gov cold chart,https://www.foodsafety.gov/food-safety-charts/cold-food-storage-charts,,60-240 days (category fallback),Use only when image recognition identifies the category but not a catalogue product.
3,5,,3,2,10,6,AVAILABLE,HIGH,CATEGORY_GENERALIZATION,USDA FoodKeeper open data,https://catalog.data.gov/dataset/fsis-foodkeeper-data,,2-10 days (category fallback),Use only when image recognition identifies the category but not a catalogue product.
4,5,,1,2,21,11.5,AVAILABLE,HIGH,CATEGORY_GENERALIZATION,USDA FoodKeeper open data,https://catalog.data.gov/dataset/fsis-foodkeeper-data,,2-21 days (category fallback),Use only when image recognition identifies the category but not a catalogue product.
5,5,,2,30,365,197.5,AVAILABLE,HIGH,CATEGORY_GENERALIZATION,USDA FoodKeeper open data,https://catalog.data.gov/dataset/fsis-foodkeeper-data,,30-365 days (category fallback),Use only when image recognition identifies the category but not a catalogue product.
6,3,,3,0,0,,NOT_RECOMMENDED,HIGH,CATEGORY_GENERALIZATION,NOT_RECOMMENDED; FDA maximum 2 hours,https://www.fda.gov/food/buy-store-serve-safe-food/selecting-and-serving-fresh-and-frozen-seafood-safely,,Maximum 2 hours at 25-30 C; room-temperature storage is not recommended.,Display a warning; do not calculate an endorsed room-temperature expiry date.
7,2,,1,1,5,3,AVAILABLE,HIGH,CATEGORY_GENERALIZATION,FoodSafety.gov Cold Food Storage Chart,https://www.foodsafety.gov/food-safety-charts/cold-food-storage-charts,"Raw sausage and ground meat: 1-2 days; fresh steaks, chops and roasts: 3-5 days refrigerated at 4 C or below",1-5 days refrigerator category range,Category fallback for unidentified raw meat; use a product-specific rule when available.
8,2,,2,30,365,197.5,AVAILABLE,HIGH,CATEGORY_GENERALIZATION,FoodSafety.gov Cold Food Storage Chart,https://www.foodsafety.gov/food-safety-charts/cold-food-storage-charts,Raw meat ranges from about 1 month for bacon to 12 months for selected fresh cuts/poultry at -18 C or below,1-12 months converted to 30-365 days,Freezer durations are quality guidance; category fallback only.
9,2,,3,0,0,,NOT_RECOMMENDED,HIGH,CATEGORY_GENERALIZATION,FDA two-hour rule for perishable food,https://www.fda.gov/food/buy-store-serve-safe-food/selecting-and-serving-fresh-and-frozen-seafood-safely,Never leave seafood or other perishable food out of refrigeration for more than 2 hours,Maximum 2 hours; storage at 25-30 C is not recommended,Display a warning; do not calculate an endorsed pantry expiry date.
10,4,,1,2,14,8,AVAILABLE,MEDIUM,CATEGORY_GENERALIZATION,"University of Georgia Extension, Quick Storage Guide for Vegetable Crops",https://fieldreport.caes.uga.edu/publications/C1205/quick-storage-guide-for-vegetable-crops/,Storage-life table: leafy greens 14 days at 41 F; squash under 10 days; cucumber under 14 days; conditions differ by commodity,Conservative 2-14 day refrigerator category range,Highly product-dependent category fallback; use a product-specific rule when available.
11,4,,2,240,360,300,AVAILABLE,HIGH,CATEGORY_GENERALIZATION,National Center for Home Food Preservation frozen-food guidance,https://nchfp.uga.edu/how/freeze/freeze-general-information/how-long-can-i-store-frozen-foods/,Fruits and vegetables: approximately 8-12 months at 0 F (-18 C),8-12 months converted to 240-360 days,Quality guidance; vegetables should be prepared and blanched as appropriate before freezing.
12,4,,3,1,7,4,AVAILABLE,MEDIUM,CATEGORY_GENERALIZATION,"University of Georgia Extension, Quick Storage Guide for Vegetable Crops",https://fieldreport.caes.uga.edu/publications/C1205/quick-storage-guide-for-vegetable-crops/,Storage-life table and post-harvest section: ambient holding time depends on commodity and temperature; refrigerate when unknown,Conservative 1-7 day pantry category range,Highly product-dependent category fallback at the Malaysia 25-30 C profile; refrigerate when the exact vegetable is unknown.
13,5,1,3,7,7,7,AVAILABLE,HIGH,PRODUCT_SPECIFIC,USDA FSIS FoodKeeper Data,https://catalog.data.gov/dataset/fsis-foodkeeper-data,FoodKeeper Data English distribution; prior public-mirror locator: ingredients.csv record: Star fruit,1 week in pantry,Inspect for spoilage and follow package/manufacturer instructions when available.
14,5,1,1,7,14,10.5,AVAILABLE,HIGH,PRODUCT_SPECIFIC,USDA FSIS FoodKeeper Data,https://catalog.data.gov/dataset/fsis-foodkeeper-data,FoodKeeper Data English distribution; prior public-mirror locator: ingredients.csv record: Star fruit,1-2 weeks refrigerated,Inspect for spoilage and follow package/manufacturer instructions when available.
15,5,1,2,300,360,330,AVAILABLE,HIGH,PRODUCT_SPECIFIC,USDA FSIS FoodKeeper Data,https://catalog.data.gov/dataset/fsis-foodkeeper-data,FoodKeeper Data English distribution; prior public-mirror locator: ingredients.csv record: Star fruit,10-12 months frozen,Freezer durations are quality guidance; freezing may soften fruit after thawing. Prepare and package fruit appropriately before freezing.
16,5,2,3,3,5,4,AVAILABLE,HIGH,PRODUCT_SPECIFIC,USDA FSIS FoodKeeper Data,https://catalog.data.gov/dataset/fsis-foodkeeper-data,"FoodKeeper Data English distribution; prior public-mirror locator: ingredients.csv record: Papaya, mango, feijoa, passionfruit, casaha melon",3-5 days in pantry,Inspect for spoilage and follow package/manufacturer instructions when available.
17,5,2,1,7,7,7,AVAILABLE,HIGH,PRODUCT_SPECIFIC,USDA FSIS FoodKeeper Data,https://catalog.data.gov/dataset/fsis-foodkeeper-data,"FoodKeeper Data English distribution; prior public-mirror locator: ingredients.csv record: Papaya, mango, feijoa, passionfruit, casaha melon",1 week refrigerated,Inspect for spoilage and follow package/manufacturer instructions when available.
18,5,2,2,180,240,210,AVAILABLE,HIGH,PRODUCT_SPECIFIC,USDA FSIS FoodKeeper Data,https://catalog.data.gov/dataset/fsis-foodkeeper-data,"FoodKeeper Data English distribution; prior public-mirror locator: ingredients.csv record: Papaya, mango, feijoa, passionfruit, casaha melon",6-8 months frozen,Freezer durations are quality guidance; freezing may soften fruit after thawing. Prepare and package fruit appropriately before freezing.
19,5,3,3,3,5,4,AVAILABLE,HIGH,CATEGORY_GENERALIZATION,USDA FSIS FoodKeeper Data,https://catalog.data.gov/dataset/fsis-foodkeeper-data,"FoodKeeper Data English distribution; prior public-mirror locator: ingredients.csv record: Papaya, mango, feijoa, passionfruit, casaha melon",3-5 days in pantry,Inspect for spoilage and follow package/manufacturer instructions when available.
20,5,3,1,7,7,7,AVAILABLE,HIGH,CATEGORY_GENERALIZATION,USDA FSIS FoodKeeper Data,https://catalog.data.gov/dataset/fsis-foodkeeper-data,"FoodKeeper Data English distribution; prior public-mirror locator: ingredients.csv record: Papaya, mango, feijoa, passionfruit, casaha melon",1 week refrigerated,Inspect for spoilage and follow package/manufacturer instructions when available.
21,5,3,2,180,240,210,AVAILABLE,HIGH,CATEGORY_GENERALIZATION,USDA FSIS FoodKeeper Data,https://catalog.data.gov/dataset/fsis-foodkeeper-data,"FoodKeeper Data English distribution; prior public-mirror locator: ingredients.csv record: Papaya, mango, feijoa, passionfruit, casaha melon",6-8 months frozen,Freezer durations are quality guidance; freezing may soften fruit after thawing. Prepare and package fruit appropriately before freezing.
22,5,4,3,0,0,,QUALITATIVE_ONLY,HIGH,PRODUCT_SPECIFIC,USDA FSIS FoodKeeper Data,https://catalog.data.gov/dataset/fsis-foodkeeper-data,"FoodKeeper Data English distribution; prior public-mirror locator: ingredients.csv record: Peaches, nectarines, plums, pears, sapote",Keep at room temperature until ripe,Inspect for spoilage and follow package/manufacturer instructions when available.
23,5,4,1,3,5,4,AVAILABLE,HIGH,PRODUCT_SPECIFIC,USDA FSIS FoodKeeper Data,https://catalog.data.gov/dataset/fsis-foodkeeper-data,"FoodKeeper Data English distribution; prior public-mirror locator: ingredients.csv record: Peaches, nectarines, plums, pears, sapote",3-5 days refrigerated once ripe,Inspect for spoilage and follow package/manufacturer instructions when available.
24,5,4,2,60,60,60,AVAILABLE,HIGH,PRODUCT_SPECIFIC,USDA FSIS FoodKeeper Data,https://catalog.data.gov/dataset/fsis-foodkeeper-data,"FoodKeeper Data English distribution; prior public-mirror locator: ingredients.csv record: Peaches, nectarines, plums, pears, sapote",2 months frozen,Freezer durations are quality guidance; freezing may soften fruit after thawing. Prepare and package fruit appropriately before freezing.
25,5,5,3,3,5,4,AVAILABLE,HIGH,CATEGORY_GENERALIZATION,USDA FSIS FoodKeeper Data,https://catalog.data.gov/dataset/fsis-foodkeeper-data,"FoodKeeper Data English distribution; prior public-mirror locator: ingredients.csv record: Papaya, mango, feijoa, passionfruit, casaha melon",3-5 days in pantry,Inspect for spoilage and follow package/manufacturer instructions when available.
26,5,5,1,7,7,7,AVAILABLE,HIGH,CATEGORY_GENERALIZATION,USDA FSIS FoodKeeper Data,https://catalog.data.gov/dataset/fsis-foodkeeper-data,"FoodKeeper Data English distribution; prior public-mirror locator: ingredients.csv record: Papaya, mango, feijoa, passionfruit, casaha melon",1 week refrigerated,Inspect for spoilage and follow package/manufacturer instructions when available.
27,5,5,2,180,240,210,AVAILABLE,HIGH,CATEGORY_GENERALIZATION,USDA FSIS FoodKeeper Data,https://catalog.data.gov/dataset/fsis-foodkeeper-data,"FoodKeeper Data English distribution; prior public-mirror locator: ingredients.csv record: Papaya, mango, feijoa, passionfruit, casaha melon",6-8 months frozen,Freezer durations are quality guidance; freezing may soften fruit after thawing. Prepare and package fruit appropriately before freezing.
28,5,6,3,3,5,4,AVAILABLE,HIGH,CATEGORY_GENERALIZATION,USDA FSIS FoodKeeper Data,https://catalog.data.gov/dataset/fsis-foodkeeper-data,"FoodKeeper Data English distribution; prior public-mirror locator: ingredients.csv record: Papaya, mango, feijoa, passionfruit, casaha melon",3-5 days in pantry,Inspect for spoilage and follow package/manufacturer instructions when available.
29,5,6,1,7,7,7,AVAILABLE,HIGH,CATEGORY_GENERALIZATION,USDA FSIS FoodKeeper Data,https://catalog.data.gov/dataset/fsis-foodkeeper-data,"FoodKeeper Data English distribution; prior public-mirror locator: ingredients.csv record: Papaya, mango, feijoa, passionfruit, casaha melon",1 week refrigerated,Inspect for spoilage and follow package/manufacturer instructions when available.
30,5,6,2,180,240,210,AVAILABLE,HIGH,CATEGORY_GENERALIZATION,USDA FSIS FoodKeeper Data,https://catalog.data.gov/dataset/fsis-foodkeeper-data,"FoodKeeper Data English distribution; prior public-mirror locator: ingredients.csv record: Papaya, mango, feijoa, passionfruit, casaha melon",6-8 months frozen,Freezer durations are quality guidance; freezing may soften fruit after thawing. Prepare and package fruit appropriately before freezing.
31,5,7,3,3,5,4,AVAILABLE,HIGH,CATEGORY_GENERALIZATION,USDA FSIS FoodKeeper Data,https://catalog.data.gov/dataset/fsis-foodkeeper-data,"FoodKeeper Data English distribution; prior public-mirror locator: ingredients.csv record: Papaya, mango, feijoa, passionfruit, casaha melon",3-5 days in pantry,Inspect for spoilage and follow package/manufacturer instructions when available.
32,5,7,1,7,7,7,AVAILABLE,HIGH,CATEGORY_GENERALIZATION,USDA FSIS FoodKeeper Data,https://catalog.data.gov/dataset/fsis-foodkeeper-data,"FoodKeeper Data English distribution; prior public-mirror locator: ingredients.csv record: Papaya, mango, feijoa, passionfruit, casaha melon",1 week refrigerated,Inspect for spoilage and follow package/manufacturer instructions when available.
33,5,7,2,180,240,210,AVAILABLE,HIGH,CATEGORY_GENERALIZATION,USDA FSIS FoodKeeper Data,https://catalog.data.gov/dataset/fsis-foodkeeper-data,"FoodKeeper Data English distribution; prior public-mirror locator: ingredients.csv record: Papaya, mango, feijoa, passionfruit, casaha melon",6-8 months frozen,Freezer durations are quality guidance; freezing may soften fruit after thawing. Prepare and package fruit appropriately before freezing.
34,5,8,3,0,0,,QUALITATIVE_ONLY,HIGH,PRODUCT_SPECIFIC,USDA FSIS FoodKeeper Data,https://catalog.data.gov/dataset/fsis-foodkeeper-data,FoodKeeper Data English distribution; prior public-mirror locator: ingredients.csv record: Guava,Keep at room temperature until ripe,Inspect for spoilage and follow package/manufacturer instructions when available.
35,5,8,1,2,4,3,AVAILABLE,HIGH,PRODUCT_SPECIFIC,USDA FSIS FoodKeeper Data,https://catalog.data.gov/dataset/fsis-foodkeeper-data,FoodKeeper Data English distribution; prior public-mirror locator: ingredients.csv record: Guava,2-4 days refrigerated once ripe,Inspect for spoilage and follow package/manufacturer instructions when available.
36,5,8,2,0,0,,NOT_RECOMMENDED,HIGH,PRODUCT_SPECIFIC,USDA FSIS FoodKeeper Data,https://catalog.data.gov/dataset/fsis-foodkeeper-data,FoodKeeper Data English distribution; prior public-mirror locator: ingredients.csv record: Guava,Not recommended for freezing in the fresh whole state,Inspect for spoilage and follow package/manufacturer instructions when available.
37,5,9,3,3,5,4,AVAILABLE,HIGH,CATEGORY_GENERALIZATION,USDA FSIS FoodKeeper Data,https://catalog.data.gov/dataset/fsis-foodkeeper-data,"FoodKeeper Data English distribution; prior public-mirror locator: ingredients.csv record: Papaya, mango, feijoa, passionfruit, casaha melon",3-5 days in pantry,Inspect for spoilage and follow package/manufacturer instructions when available.
38,5,9,1,7,7,7,AVAILABLE,HIGH,CATEGORY_GENERALIZATION,USDA FSIS FoodKeeper Data,https://catalog.data.gov/dataset/fsis-foodkeeper-data,"FoodKeeper Data English distribution; prior public-mirror locator: ingredients.csv record: Papaya, mango, feijoa, passionfruit, casaha melon",1 week refrigerated,Inspect for spoilage and follow package/manufacturer instructions when available.
39,5,9,2,180,240,210,AVAILABLE,HIGH,CATEGORY_GENERALIZATION,USDA FSIS FoodKeeper Data,https://catalog.data.gov/dataset/fsis-foodkeeper-data,"FoodKeeper Data English distribution; prior public-mirror locator: ingredients.csv record: Papaya, mango, feijoa, passionfruit, casaha melon",6-8 months frozen,Freezer durations are quality guidance; freezing may soften fruit after thawing. Prepare and package fruit appropriately before freezing.
40,5,10,3,10,10,10,AVAILABLE,HIGH,CATEGORY_GENERALIZATION,USDA FSIS FoodKeeper Data,https://catalog.data.gov/dataset/fsis-foodkeeper-data,FoodKeeper Data English distribution; prior public-mirror locator: ingredients.csv record: Citrus fruit,10 days after purchase in pantry,Inspect for spoilage and follow package/manufacturer instructions when available.
41,5,10,1,10,21,15.5,AVAILABLE,HIGH,CATEGORY_GENERALIZATION,USDA FSIS FoodKeeper Data,https://catalog.data.gov/dataset/fsis-foodkeeper-data,FoodKeeper Data English distribution; prior public-mirror locator: ingredients.csv record: Citrus fruit,10-21 days refrigerated,Inspect for spoilage and follow package/manufacturer instructions when available.
42,5,10,2,0,0,,NOT_RECOMMENDED,HIGH,CATEGORY_GENERALIZATION,USDA FSIS FoodKeeper Data,https://catalog.data.gov/dataset/fsis-foodkeeper-data,FoodKeeper Data English distribution; prior public-mirror locator: ingredients.csv record: Citrus fruit,Not recommended for freezing in the fresh whole state,Inspect for spoilage and follow package/manufacturer instructions when available.
43,5,11,3,10,10,10,AVAILABLE,HIGH,PRODUCT_SPECIFIC,USDA FSIS FoodKeeper Data,https://catalog.data.gov/dataset/fsis-foodkeeper-data,FoodKeeper Data English distribution; prior public-mirror locator: ingredients.csv record: Citrus fruit,10 days after purchase in pantry,Inspect for spoilage and follow package/manufacturer instructions when available.
44,5,11,1,10,21,15.5,AVAILABLE,HIGH,PRODUCT_SPECIFIC,USDA FSIS FoodKeeper Data,https://catalog.data.gov/dataset/fsis-foodkeeper-data,FoodKeeper Data English distribution; prior public-mirror locator: ingredients.csv record: Citrus fruit,10-21 days refrigerated,Inspect for spoilage and follow package/manufacturer instructions when available.
45,5,11,2,0,0,,NOT_RECOMMENDED,HIGH,PRODUCT_SPECIFIC,USDA FSIS FoodKeeper Data,https://catalog.data.gov/dataset/fsis-foodkeeper-data,FoodKeeper Data English distribution; prior public-mirror locator: ingredients.csv record: Citrus fruit,Not recommended for freezing in the fresh whole state,Inspect for spoilage and follow package/manufacturer instructions when available.
46,5,12,3,3,5,4,AVAILABLE,HIGH,PRODUCT_SPECIFIC,USDA FSIS FoodKeeper Data,https://catalog.data.gov/dataset/fsis-foodkeeper-data,"FoodKeeper Data English distribution; prior public-mirror locator: ingredients.csv record: Papaya, mango, feijoa, passionfruit, casaha melon",3-5 days in pantry,Inspect for spoilage and follow package/manufacturer instructions when available.
47,5,12,1,7,7,7,AVAILABLE,HIGH,PRODUCT_SPECIFIC,USDA FSIS FoodKeeper Data,https://catalog.data.gov/dataset/fsis-foodkeeper-data,"FoodKeeper Data English distribution; prior public-mirror locator: ingredients.csv record: Papaya, mango, feijoa, passionfruit, casaha melon",1 week refrigerated,Inspect for spoilage and follow package/manufacturer instructions when available.
48,5,12,2,180,240,210,AVAILABLE,HIGH,PRODUCT_SPECIFIC,USDA FSIS FoodKeeper Data,https://catalog.data.gov/dataset/fsis-foodkeeper-data,"FoodKeeper Data English distribution; prior public-mirror locator: ingredients.csv record: Papaya, mango, feijoa, passionfruit, casaha melon",6-8 months frozen,Freezer durations are quality guidance; freezing may soften fruit after thawing. Prepare and package fruit appropriately before freezing.
49,5,13,3,3,5,4,AVAILABLE,HIGH,CATEGORY_GENERALIZATION,USDA FSIS FoodKeeper Data,https://catalog.data.gov/dataset/fsis-foodkeeper-data,"FoodKeeper Data English distribution; prior public-mirror locator: ingredients.csv record: Papaya, mango, feijoa, passionfruit, casaha melon",3-5 days in pantry,Inspect for spoilage and follow package/manufacturer instructions when available.
50,5,13,1,7,7,7,AVAILABLE,HIGH,CATEGORY_GENERALIZATION,USDA FSIS FoodKeeper Data,https://catalog.data.gov/dataset/fsis-foodkeeper-data,"FoodKeeper Data English distribution; prior public-mirror locator: ingredients.csv record: Papaya, mango, feijoa, passionfruit, casaha melon",1 week refrigerated,Inspect for spoilage and follow package/manufacturer instructions when available.
51,5,13,2,180,240,210,AVAILABLE,HIGH,CATEGORY_GENERALIZATION,USDA FSIS FoodKeeper Data,https://catalog.data.gov/dataset/fsis-foodkeeper-data,"FoodKeeper Data English distribution; prior public-mirror locator: ingredients.csv record: Papaya, mango, feijoa, passionfruit, casaha melon",6-8 months frozen,Freezer durations are quality guidance; freezing may soften fruit after thawing. Prepare and package fruit appropriately before freezing.
52,5,14,3,2,5,3.5,AVAILABLE,HIGH,PRODUCT_SPECIFIC,USDA FSIS FoodKeeper Data,https://catalog.data.gov/dataset/fsis-foodkeeper-data,FoodKeeper Data English distribution; prior public-mirror locator: ingredients.csv record: Pitaya/dragon fruit,2-5 days in pantry,Inspect for spoilage and follow package/manufacturer instructions when available.
53,5,14,1,14,21,17.5,AVAILABLE,HIGH,PRODUCT_SPECIFIC,USDA FSIS FoodKeeper Data,https://catalog.data.gov/dataset/fsis-foodkeeper-data,FoodKeeper Data English distribution; prior public-mirror locator: ingredients.csv record: Pitaya/dragon fruit,2-3 weeks refrigerated,Inspect for spoilage and follow package/manufacturer instructions when available.
54,5,14,2,300,360,330,AVAILABLE,HIGH,PRODUCT_SPECIFIC,USDA FSIS FoodKeeper Data,https://catalog.data.gov/dataset/fsis-foodkeeper-data,FoodKeeper Data English distribution; prior public-mirror locator: ingredients.csv record: Pitaya/dragon fruit,10-12 months frozen,Freezer durations are quality guidance; freezing may soften fruit after thawing. Prepare and package fruit appropriately before freezing.
55,5,15,3,0,0,,QUALITATIVE_ONLY,HIGH,PRODUCT_SPECIFIC,USDA FSIS FoodKeeper Data,https://catalog.data.gov/dataset/fsis-foodkeeper-data,FoodKeeper Data English distribution; prior public-mirror locator: ingredients.csv record: Pineapple,Keep at room temperature until ripe,Inspect for spoilage and follow package/manufacturer instructions when available.
56,5,15,1,5,7,6,AVAILABLE,HIGH,PRODUCT_SPECIFIC,USDA FSIS FoodKeeper Data,https://catalog.data.gov/dataset/fsis-foodkeeper-data,FoodKeeper Data English distribution; prior public-mirror locator: ingredients.csv record: Pineapple,5-7 days refrigerated once ripe,Inspect for spoilage and follow package/manufacturer instructions when available.
57,5,15,2,300,360,330,AVAILABLE,HIGH,PRODUCT_SPECIFIC,USDA FSIS FoodKeeper Data,https://catalog.data.gov/dataset/fsis-foodkeeper-data,FoodKeeper Data English distribution; prior public-mirror locator: ingredients.csv record: Pineapple,10-12 months frozen,Freezer durations are quality guidance; freezing may soften fruit after thawing. Prepare and package fruit appropriately before freezing.
58,5,16,3,3,5,4,AVAILABLE,HIGH,CATEGORY_GENERALIZATION,USDA FSIS FoodKeeper Data,https://catalog.data.gov/dataset/fsis-foodkeeper-data,"FoodKeeper Data English distribution; prior public-mirror locator: ingredients.csv record: Papaya, mango, feijoa, passionfruit, casaha melon",3-5 days in pantry,Inspect for spoilage and follow package/manufacturer instructions when available.
59,5,16,1,7,7,7,AVAILABLE,HIGH,CATEGORY_GENERALIZATION,USDA FSIS FoodKeeper Data,https://catalog.data.gov/dataset/fsis-foodkeeper-data,"FoodKeeper Data English distribution; prior public-mirror locator: ingredients.csv record: Papaya, mango, feijoa, passionfruit, casaha melon",1 week refrigerated,Inspect for spoilage and follow package/manufacturer instructions when available.
60,5,16,2,180,240,210,AVAILABLE,HIGH,CATEGORY_GENERALIZATION,USDA FSIS FoodKeeper Data,https://catalog.data.gov/dataset/fsis-foodkeeper-data,"FoodKeeper Data English distribution; prior public-mirror locator: ingredients.csv record: Papaya, mango, feijoa, passionfruit, casaha melon",6-8 months frozen,Freezer durations are quality guidance; freezing may soften fruit after thawing. Prepare and package fruit appropriately before freezing.
61,5,17,3,0,0,,QUALITATIVE_ONLY,HIGH,PRODUCT_SPECIFIC,USDA FSIS FoodKeeper Data,https://catalog.data.gov/dataset/fsis-foodkeeper-data,FoodKeeper Data English distribution; prior public-mirror locator: ingredients.csv record: Bananas,Keep at room temperature until ripe,Inspect for spoilage and follow package/manufacturer instructions when available.
62,5,17,1,3,3,3,AVAILABLE,HIGH,PRODUCT_SPECIFIC,USDA FSIS FoodKeeper Data,https://catalog.data.gov/dataset/fsis-foodkeeper-data,FoodKeeper Data English distribution; prior public-mirror locator: ingredients.csv record: Bananas,3 days refrigerated once ripe,Inspect for spoilage and follow package/manufacturer instructions when available.
63,5,17,2,60,90,75,AVAILABLE,HIGH,PRODUCT_SPECIFIC,USDA FSIS FoodKeeper Data,https://catalog.data.gov/dataset/fsis-foodkeeper-data,FoodKeeper Data English distribution; prior public-mirror locator: ingredients.csv record: Bananas,2-3 months frozen,Freezer durations are quality guidance; freezing may soften fruit after thawing. Prepare and package fruit appropriately before freezing.
64,5,18,3,3,5,4,AVAILABLE,HIGH,CATEGORY_GENERALIZATION,USDA FSIS FoodKeeper Data,https://catalog.data.gov/dataset/fsis-foodkeeper-data,"FoodKeeper Data English distribution; prior public-mirror locator: ingredients.csv record: Papaya, mango, feijoa, passionfruit, casaha melon",3-5 days in pantry,Inspect for spoilage and follow package/manufacturer instructions when available.
65,5,18,1,7,7,7,AVAILABLE,HIGH,CATEGORY_GENERALIZATION,USDA FSIS FoodKeeper Data,https://catalog.data.gov/dataset/fsis-foodkeeper-data,"FoodKeeper Data English distribution; prior public-mirror locator: ingredients.csv record: Papaya, mango, feijoa, passionfruit, casaha melon",1 week refrigerated,Inspect for spoilage and follow package/manufacturer instructions when available.
66,5,18,2,180,240,210,AVAILABLE,HIGH,CATEGORY_GENERALIZATION,USDA FSIS FoodKeeper Data,https://catalog.data.gov/dataset/fsis-foodkeeper-data,"FoodKeeper Data English distribution; prior public-mirror locator: ingredients.csv record: Papaya, mango, feijoa, passionfruit, casaha melon",6-8 months frozen,Freezer durations are quality guidance; freezing may soften fruit after thawing. Prepare and package fruit appropriately before freezing.
67,5,19,3,3,5,4,AVAILABLE,HIGH,CATEGORY_GENERALIZATION,USDA FSIS FoodKeeper Data,https://catalog.data.gov/dataset/fsis-foodkeeper-data,"FoodKeeper Data English distribution; prior public-mirror locator: ingredients.csv record: Papaya, mango, feijoa, passionfruit, casaha melon",3-5 days in pantry,Inspect for spoilage and follow package/manufacturer instructions when available.
68,5,19,1,7,7,7,AVAILABLE,HIGH,CATEGORY_GENERALIZATION,USDA FSIS FoodKeeper Data,https://catalog.data.gov/dataset/fsis-foodkeeper-data,"FoodKeeper Data English distribution; prior public-mirror locator: ingredients.csv record: Papaya, mango, feijoa, passionfruit, casaha melon",1 week refrigerated,Inspect for spoilage and follow package/manufacturer instructions when available.
69,5,19,2,180,240,210,AVAILABLE,HIGH,CATEGORY_GENERALIZATION,USDA FSIS FoodKeeper Data,https://catalog.data.gov/dataset/fsis-foodkeeper-data,"FoodKeeper Data English distribution; prior public-mirror locator: ingredients.csv record: Papaya, mango, feijoa, passionfruit, casaha melon",6-8 months frozen,Freezer durations are quality guidance; freezing may soften fruit after thawing. Prepare and package fruit appropriately before freezing.
70,5,20,3,0,0,,QUALITATIVE_ONLY,HIGH,CATEGORY_GENERALIZATION,USDA FSIS FoodKeeper Data,https://catalog.data.gov/dataset/fsis-foodkeeper-data,"FoodKeeper Data English distribution; prior public-mirror locator: ingredients.csv record: Peaches, nectarines, plums, pears, sapote",Keep at room temperature until ripe,Inspect for spoilage and follow package/manufacturer instructions when available.
71,5,20,1,3,5,4,AVAILABLE,HIGH,CATEGORY_GENERALIZATION,USDA FSIS FoodKeeper Data,https://catalog.data.gov/dataset/fsis-foodkeeper-data,"FoodKeeper Data English distribution; prior public-mirror locator: ingredients.csv record: Peaches, nectarines, plums, pears, sapote",3-5 days refrigerated once ripe,Inspect for spoilage and follow package/manufacturer instructions when available.
72,5,20,2,60,60,60,AVAILABLE,HIGH,CATEGORY_GENERALIZATION,USDA FSIS FoodKeeper Data,https://catalog.data.gov/dataset/fsis-foodkeeper-data,"FoodKeeper Data English distribution; prior public-mirror locator: ingredients.csv record: Peaches, nectarines, plums, pears, sapote",2 months frozen,Freezer durations are quality guidance; freezing may soften fruit after thawing. Prepare and package fruit appropriately before freezing.
73,5,21,3,1,2,1.5,AVAILABLE,HIGH,PRODUCT_SPECIFIC,USDA FSIS FoodKeeper Data,https://catalog.data.gov/dataset/fsis-foodkeeper-data,FoodKeeper Data English distribution; prior public-mirror locator: ingredients.csv record: Watermelon,1-2 days after purchase in pantry,Inspect for spoilage and follow package/manufacturer instructions when available.
74,5,21,1,3,4,3.5,AVAILABLE,HIGH,PRODUCT_SPECIFIC,USDA FSIS FoodKeeper Data,https://catalog.data.gov/dataset/fsis-foodkeeper-data,FoodKeeper Data English distribution; prior public-mirror locator: ingredients.csv record: Watermelon,3-4 days refrigerated,Inspect for spoilage and follow package/manufacturer instructions when available.
75,5,21,2,360,360,360,AVAILABLE,HIGH,PRODUCT_SPECIFIC,USDA FSIS FoodKeeper Data,https://catalog.data.gov/dataset/fsis-foodkeeper-data,FoodKeeper Data English distribution; prior public-mirror locator: ingredients.csv record: Watermelon,12 months frozen,Freezer durations are quality guidance; freezing may soften fruit after thawing. Prepare and package fruit appropriately before freezing.
76,5,22,3,3,5,4,AVAILABLE,HIGH,CATEGORY_GENERALIZATION,USDA FSIS FoodKeeper Data,https://catalog.data.gov/dataset/fsis-foodkeeper-data,"FoodKeeper Data English distribution; prior public-mirror locator: ingredients.csv record: Papaya, mango, feijoa, passionfruit, casaha melon",3-5 days in pantry,Inspect for spoilage and follow package/manufacturer instructions when available.
77,5,22,1,7,7,7,AVAILABLE,HIGH,CATEGORY_GENERALIZATION,USDA FSIS FoodKeeper Data,https://catalog.data.gov/dataset/fsis-foodkeeper-data,"FoodKeeper Data English distribution; prior public-mirror locator: ingredients.csv record: Papaya, mango, feijoa, passionfruit, casaha melon",1 week refrigerated,Inspect for spoilage and follow package/manufacturer instructions when available.
78,5,22,2,180,240,210,AVAILABLE,HIGH,CATEGORY_GENERALIZATION,USDA FSIS FoodKeeper Data,https://catalog.data.gov/dataset/fsis-foodkeeper-data,"FoodKeeper Data English distribution; prior public-mirror locator: ingredients.csv record: Papaya, mango, feijoa, passionfruit, casaha melon",6-8 months frozen,Freezer durations are quality guidance; freezing may soften fruit after thawing. Prepare and package fruit appropriately before freezing.
79,5,23,3,1,1,1,AVAILABLE,HIGH,PRODUCT_SPECIFIC,USDA FSIS FoodKeeper Data,https://catalog.data.gov/dataset/fsis-foodkeeper-data,FoodKeeper Data English distribution; prior public-mirror locator: ingredients.csv record: Grapes,1 day in pantry,Inspect for spoilage and follow package/manufacturer instructions when available.
80,5,23,1,7,7,7,AVAILABLE,HIGH,PRODUCT_SPECIFIC,USDA FSIS FoodKeeper Data,https://catalog.data.gov/dataset/fsis-foodkeeper-data,FoodKeeper Data English distribution; prior public-mirror locator: ingredients.csv record: Grapes,1 week refrigerated,Inspect for spoilage and follow package/manufacturer instructions when available.
81,5,23,2,30,30,30,AVAILABLE,HIGH,PRODUCT_SPECIFIC,USDA FSIS FoodKeeper Data,https://catalog.data.gov/dataset/fsis-foodkeeper-data,FoodKeeper Data English distribution; prior public-mirror locator: ingredients.csv record: Grapes,1 month frozen,Freezer durations are quality guidance; freezing may soften fruit after thawing. Prepare and package fruit appropriately before freezing.
82,5,24,3,0,0,,QUALITATIVE_ONLY,HIGH,PRODUCT_SPECIFIC,USDA FSIS FoodKeeper Data,https://catalog.data.gov/dataset/fsis-foodkeeper-data,FoodKeeper Data English distribution; prior public-mirror locator: ingredients.csv record: Avocados,Keep at room temperature until ripe,Inspect for spoilage and follow package/manufacturer instructions when available.
83,5,24,1,3,4,3.5,AVAILABLE,HIGH,PRODUCT_SPECIFIC,USDA FSIS FoodKeeper Data,https://catalog.data.gov/dataset/fsis-foodkeeper-data,FoodKeeper Data English distribution; prior public-mirror locator: ingredients.csv record: Avocados,3-4 days refrigerated once ripe,Inspect for spoilage and follow package/manufacturer instructions when available.
84,5,24,2,0,0,,NOT_RECOMMENDED,HIGH,PRODUCT_SPECIFIC,USDA FSIS FoodKeeper Data,https://catalog.data.gov/dataset/fsis-foodkeeper-data,FoodKeeper Data English distribution; prior public-mirror locator: ingredients.csv record: Avocados,Not recommended for freezing in the fresh whole state,Inspect for spoilage and follow package/manufacturer instructions when available.
85,5,25,3,3,5,4,AVAILABLE,HIGH,CATEGORY_GENERALIZATION,USDA FSIS FoodKeeper Data,https://catalog.data.gov/dataset/fsis-foodkeeper-data,"FoodKeeper Data English distribution; prior public-mirror locator: ingredients.csv record: Papaya, mango, feijoa, passionfruit, casaha melon",3-5 days in pantry,Inspect for spoilage and follow package/manufacturer instructions when available.
86,5,25,1,7,7,7,AVAILABLE,HIGH,CATEGORY_GENERALIZATION,USDA FSIS FoodKeeper Data,https://catalog.data.gov/dataset/fsis-foodkeeper-data,"FoodKeeper Data English distribution; prior public-mirror locator: ingredients.csv record: Papaya, mango, feijoa, passionfruit, casaha melon",1 week refrigerated,Inspect for spoilage and follow package/manufacturer instructions when available.
87,5,25,2,180,240,210,AVAILABLE,HIGH,CATEGORY_GENERALIZATION,USDA FSIS FoodKeeper Data,https://catalog.data.gov/dataset/fsis-foodkeeper-data,"FoodKeeper Data English distribution; prior public-mirror locator: ingredients.csv record: Papaya, mango, feijoa, passionfruit, casaha melon",6-8 months frozen,Freezer durations are quality guidance; freezing may soften fruit after thawing. Prepare and package fruit appropriately before freezing.
88,5,26,3,3,5,4,AVAILABLE,HIGH,CATEGORY_GENERALIZATION,USDA FSIS FoodKeeper Data,https://catalog.data.gov/dataset/fsis-foodkeeper-data,"FoodKeeper Data English distribution; prior public-mirror locator: ingredients.csv record: Papaya, mango, feijoa, passionfruit, casaha melon",3-5 days in pantry,Inspect for spoilage and follow package/manufacturer instructions when available.
89,5,26,1,7,7,7,AVAILABLE,HIGH,CATEGORY_GENERALIZATION,USDA FSIS FoodKeeper Data,https://catalog.data.gov/dataset/fsis-foodkeeper-data,"FoodKeeper Data English distribution; prior public-mirror locator: ingredients.csv record: Papaya, mango, feijoa, passionfruit, casaha melon",1 week refrigerated,Inspect for spoilage and follow package/manufacturer instructions when available.
90,5,26,2,180,240,210,AVAILABLE,HIGH,CATEGORY_GENERALIZATION,USDA FSIS FoodKeeper Data,https://catalog.data.gov/dataset/fsis-foodkeeper-data,"FoodKeeper Data English distribution; prior public-mirror locator: ingredients.csv record: Papaya, mango, feijoa, passionfruit, casaha melon",6-8 months frozen,Freezer durations are quality guidance; freezing may soften fruit after thawing. Prepare and package fruit appropriately before freezing.
91,5,27,3,3,5,4,AVAILABLE,HIGH,CATEGORY_GENERALIZATION,USDA FSIS FoodKeeper Data,https://catalog.data.gov/dataset/fsis-foodkeeper-data,"FoodKeeper Data English distribution; prior public-mirror locator: ingredients.csv record: Papaya, mango, feijoa, passionfruit, casaha melon",3-5 days in pantry,Inspect for spoilage and follow package/manufacturer instructions when available.
92,5,27,1,7,7,7,AVAILABLE,HIGH,CATEGORY_GENERALIZATION,USDA FSIS FoodKeeper Data,https://catalog.data.gov/dataset/fsis-foodkeeper-data,"FoodKeeper Data English distribution; prior public-mirror locator: ingredients.csv record: Papaya, mango, feijoa, passionfruit, casaha melon",1 week refrigerated,Inspect for spoilage and follow package/manufacturer instructions when available.
93,5,27,2,180,240,210,AVAILABLE,HIGH,CATEGORY_GENERALIZATION,USDA FSIS FoodKeeper Data,https://catalog.data.gov/dataset/fsis-foodkeeper-data,"FoodKeeper Data English distribution; prior public-mirror locator: ingredients.csv record: Papaya, mango, feijoa, passionfruit, casaha melon",6-8 months frozen,Freezer durations are quality guidance; freezing may soften fruit after thawing. Prepare and package fruit appropriately before freezing.
94,5,28,3,3,5,4,AVAILABLE,HIGH,CATEGORY_GENERALIZATION,USDA FSIS FoodKeeper Data,https://catalog.data.gov/dataset/fsis-foodkeeper-data,"FoodKeeper Data English distribution; prior public-mirror locator: ingredients.csv record: Papaya, mango, feijoa, passionfruit, casaha melon",3-5 days in pantry,Inspect for spoilage and follow package/manufacturer instructions when available.
95,5,28,1,7,7,7,AVAILABLE,HIGH,CATEGORY_GENERALIZATION,USDA FSIS FoodKeeper Data,https://catalog.data.gov/dataset/fsis-foodkeeper-data,"FoodKeeper Data English distribution; prior public-mirror locator: ingredients.csv record: Papaya, mango, feijoa, passionfruit, casaha melon",1 week refrigerated,Inspect for spoilage and follow package/manufacturer instructions when available.
96,5,28,2,180,240,210,AVAILABLE,HIGH,CATEGORY_GENERALIZATION,USDA FSIS FoodKeeper Data,https://catalog.data.gov/dataset/fsis-foodkeeper-data,"FoodKeeper Data English distribution; prior public-mirror locator: ingredients.csv record: Papaya, mango, feijoa, passionfruit, casaha melon",6-8 months frozen,Freezer durations are quality guidance; freezing may soften fruit after thawing. Prepare and package fruit appropriately before freezing.
97,5,29,3,0,0,,QUALITATIVE_ONLY,HIGH,CATEGORY_GENERALIZATION,USDA FSIS FoodKeeper Data,https://catalog.data.gov/dataset/fsis-foodkeeper-data,"FoodKeeper Data English distribution; prior public-mirror locator: ingredients.csv record: Peaches, nectarines, plums, pears, sapote",Keep at room temperature until ripe,Inspect for spoilage and follow package/manufacturer instructions when available.
98,5,29,1,3,5,4,AVAILABLE,HIGH,CATEGORY_GENERALIZATION,USDA FSIS FoodKeeper Data,https://catalog.data.gov/dataset/fsis-foodkeeper-data,"FoodKeeper Data English distribution; prior public-mirror locator: ingredients.csv record: Peaches, nectarines, plums, pears, sapote",3-5 days refrigerated once ripe,Inspect for spoilage and follow package/manufacturer instructions when available.
99,5,29,2,60,60,60,AVAILABLE,HIGH,CATEGORY_GENERALIZATION,USDA FSIS FoodKeeper Data,https://catalog.data.gov/dataset/fsis-foodkeeper-data,"FoodKeeper Data English distribution; prior public-mirror locator: ingredients.csv record: Peaches, nectarines, plums, pears, sapote",2 months frozen,Freezer durations are quality guidance; freezing may soften fruit after thawing. Prepare and package fruit appropriately before freezing.
100,5,30,3,3,5,4,AVAILABLE,HIGH,CATEGORY_GENERALIZATION,USDA FSIS FoodKeeper Data,https://catalog.data.gov/dataset/fsis-foodkeeper-data,"FoodKeeper Data English distribution; prior public-mirror locator: ingredients.csv record: Papaya, mango, feijoa, passionfruit, casaha melon",3-5 days in pantry,Inspect for spoilage and follow package/manufacturer instructions when available.
101,5,30,1,7,7,7,AVAILABLE,HIGH,CATEGORY_GENERALIZATION,USDA FSIS FoodKeeper Data,https://catalog.data.gov/dataset/fsis-foodkeeper-data,"FoodKeeper Data English distribution; prior public-mirror locator: ingredients.csv record: Papaya, mango, feijoa, passionfruit, casaha melon",1 week refrigerated,Inspect for spoilage and follow package/manufacturer instructions when available.
102,5,30,2,180,240,210,AVAILABLE,HIGH,CATEGORY_GENERALIZATION,USDA FSIS FoodKeeper Data,https://catalog.data.gov/dataset/fsis-foodkeeper-data,"FoodKeeper Data English distribution; prior public-mirror locator: ingredients.csv record: Papaya, mango, feijoa, passionfruit, casaha melon",6-8 months frozen,Freezer durations are quality guidance; freezing may soften fruit after thawing. Prepare and package fruit appropriately before freezing.
103,5,31,3,0,0,,QUALITATIVE_ONLY,HIGH,CATEGORY_GENERALIZATION,USDA FSIS FoodKeeper Data,https://catalog.data.gov/dataset/fsis-foodkeeper-data,"FoodKeeper Data English distribution; prior public-mirror locator: ingredients.csv record: Peaches, nectarines, plums, pears, sapote",Keep at room temperature until ripe,Inspect for spoilage and follow package/manufacturer instructions when available.
104,5,31,1,3,5,4,AVAILABLE,HIGH,CATEGORY_GENERALIZATION,USDA FSIS FoodKeeper Data,https://catalog.data.gov/dataset/fsis-foodkeeper-data,"FoodKeeper Data English distribution; prior public-mirror locator: ingredients.csv record: Peaches, nectarines, plums, pears, sapote",3-5 days refrigerated once ripe,Inspect for spoilage and follow package/manufacturer instructions when available.
105,5,31,2,60,60,60,AVAILABLE,HIGH,CATEGORY_GENERALIZATION,USDA FSIS FoodKeeper Data,https://catalog.data.gov/dataset/fsis-foodkeeper-data,"FoodKeeper Data English distribution; prior public-mirror locator: ingredients.csv record: Peaches, nectarines, plums, pears, sapote",2 months frozen,Freezer durations are quality guidance; freezing may soften fruit after thawing. Prepare and package fruit appropriately before freezing.
106,5,32,3,0,0,,QUALITATIVE_ONLY,HIGH,CATEGORY_GENERALIZATION,USDA FSIS FoodKeeper Data,https://catalog.data.gov/dataset/fsis-foodkeeper-data,FoodKeeper Data English distribution; prior public-mirror locator: ingredients.csv record: Cherimoya,Keep at room temperature until ripe,Inspect for spoilage and follow package/manufacturer instructions when available.
107,5,32,1,4,4,4,AVAILABLE,HIGH,CATEGORY_GENERALIZATION,USDA FSIS FoodKeeper Data,https://catalog.data.gov/dataset/fsis-foodkeeper-data,FoodKeeper Data English distribution; prior public-mirror locator: ingredients.csv record: Cherimoya,4 days refrigerated once ripe,Inspect for spoilage and follow package/manufacturer instructions when available.
108,5,32,2,300,360,330,AVAILABLE,HIGH,CATEGORY_GENERALIZATION,USDA FSIS FoodKeeper Data,https://catalog.data.gov/dataset/fsis-foodkeeper-data,FoodKeeper Data English distribution; prior public-mirror locator: ingredients.csv record: Cherimoya,10-12 months frozen,Freezer durations are quality guidance; freezing may soften fruit after thawing. Prepare and package fruit appropriately before freezing.
109,5,33,3,3,5,4,AVAILABLE,HIGH,CATEGORY_GENERALIZATION,USDA FSIS FoodKeeper Data,https://catalog.data.gov/dataset/fsis-foodkeeper-data,"FoodKeeper Data English distribution; prior public-mirror locator: ingredients.csv record: Papaya, mango, feijoa, passionfruit, casaha melon",3-5 days in pantry,Inspect for spoilage and follow package/manufacturer instructions when available.
110,5,33,1,7,7,7,AVAILABLE,HIGH,CATEGORY_GENERALIZATION,USDA FSIS FoodKeeper Data,https://catalog.data.gov/dataset/fsis-foodkeeper-data,"FoodKeeper Data English distribution; prior public-mirror locator: ingredients.csv record: Papaya, mango, feijoa, passionfruit, casaha melon",1 week refrigerated,Inspect for spoilage and follow package/manufacturer instructions when available.
111,5,33,2,180,240,210,AVAILABLE,HIGH,CATEGORY_GENERALIZATION,USDA FSIS FoodKeeper Data,https://catalog.data.gov/dataset/fsis-foodkeeper-data,"FoodKeeper Data English distribution; prior public-mirror locator: ingredients.csv record: Papaya, mango, feijoa, passionfruit, casaha melon",6-8 months frozen,Freezer durations are quality guidance; freezing may soften fruit after thawing. Prepare and package fruit appropriately before freezing.
112,5,34,3,3,5,4,AVAILABLE,HIGH,CATEGORY_GENERALIZATION,USDA FSIS FoodKeeper Data,https://catalog.data.gov/dataset/fsis-foodkeeper-data,"FoodKeeper Data English distribution; prior public-mirror locator: ingredients.csv record: Papaya, mango, feijoa, passionfruit, casaha melon",3-5 days in pantry,Inspect for spoilage and follow package/manufacturer instructions when available.
113,5,34,1,7,7,7,AVAILABLE,HIGH,CATEGORY_GENERALIZATION,USDA FSIS FoodKeeper Data,https://catalog.data.gov/dataset/fsis-foodkeeper-data,"FoodKeeper Data English distribution; prior public-mirror locator: ingredients.csv record: Papaya, mango, feijoa, passionfruit, casaha melon",1 week refrigerated,Inspect for spoilage and follow package/manufacturer instructions when available.
114,5,34,2,180,240,210,AVAILABLE,HIGH,CATEGORY_GENERALIZATION,USDA FSIS FoodKeeper Data,https://catalog.data.gov/dataset/fsis-foodkeeper-data,"FoodKeeper Data English distribution; prior public-mirror locator: ingredients.csv record: Papaya, mango, feijoa, passionfruit, casaha melon",6-8 months frozen,Freezer durations are quality guidance; freezing may soften fruit after thawing. Prepare and package fruit appropriately before freezing.
115,5,35,3,3,5,4,AVAILABLE,HIGH,CATEGORY_GENERALIZATION,USDA FSIS FoodKeeper Data,https://catalog.data.gov/dataset/fsis-foodkeeper-data,"FoodKeeper Data English distribution; prior public-mirror locator: ingredients.csv record: Papaya, mango, feijoa, passionfruit, casaha melon",3-5 days in pantry,Inspect for spoilage and follow package/manufacturer instructions when available.
116,5,35,1,7,7,7,AVAILABLE,HIGH,CATEGORY_GENERALIZATION,USDA FSIS FoodKeeper Data,https://catalog.data.gov/dataset/fsis-foodkeeper-data,"FoodKeeper Data English distribution; prior public-mirror locator: ingredients.csv record: Papaya, mango, feijoa, passionfruit, casaha melon",1 week refrigerated,Inspect for spoilage and follow package/manufacturer instructions when available.
117,5,35,2,180,240,210,AVAILABLE,HIGH,CATEGORY_GENERALIZATION,USDA FSIS FoodKeeper Data,https://catalog.data.gov/dataset/fsis-foodkeeper-data,"FoodKeeper Data English distribution; prior public-mirror locator: ingredients.csv record: Papaya, mango, feijoa, passionfruit, casaha melon",6-8 months frozen,Freezer durations are quality guidance; freezing may soften fruit after thawing. Prepare and package fruit appropriately before freezing.
118,5,36,3,3,5,4,AVAILABLE,HIGH,CATEGORY_GENERALIZATION,USDA FSIS FoodKeeper Data,https://catalog.data.gov/dataset/fsis-foodkeeper-data,"FoodKeeper Data English distribution; prior public-mirror locator: ingredients.csv record: Papaya, mango, feijoa, passionfruit, casaha melon",3-5 days in pantry,Inspect for spoilage and follow package/manufacturer instructions when available.
119,5,36,1,7,7,7,AVAILABLE,HIGH,CATEGORY_GENERALIZATION,USDA FSIS FoodKeeper Data,https://catalog.data.gov/dataset/fsis-foodkeeper-data,"FoodKeeper Data English distribution; prior public-mirror locator: ingredients.csv record: Papaya, mango, feijoa, passionfruit, casaha melon",1 week refrigerated,Inspect for spoilage and follow package/manufacturer instructions when available.
120,5,36,2,180,240,210,AVAILABLE,HIGH,CATEGORY_GENERALIZATION,USDA FSIS FoodKeeper Data,https://catalog.data.gov/dataset/fsis-foodkeeper-data,"FoodKeeper Data English distribution; prior public-mirror locator: ingredients.csv record: Papaya, mango, feijoa, passionfruit, casaha melon",6-8 months frozen,Freezer durations are quality guidance; freezing may soften fruit after thawing. Prepare and package fruit appropriately before freezing.
121,5,37,3,0,0,,QUALITATIVE_ONLY,HIGH,CATEGORY_GENERALIZATION,USDA FSIS FoodKeeper Data,https://catalog.data.gov/dataset/fsis-foodkeeper-data,"FoodKeeper Data English distribution; prior public-mirror locator: ingredients.csv record: Peaches, nectarines, plums, pears, sapote",Keep at room temperature until ripe,Inspect for spoilage and follow package/manufacturer instructions when available.
122,5,37,1,3,5,4,AVAILABLE,HIGH,CATEGORY_GENERALIZATION,USDA FSIS FoodKeeper Data,https://catalog.data.gov/dataset/fsis-foodkeeper-data,"FoodKeeper Data English distribution; prior public-mirror locator: ingredients.csv record: Peaches, nectarines, plums, pears, sapote",3-5 days refrigerated once ripe,Inspect for spoilage and follow package/manufacturer instructions when available.
123,5,37,2,60,60,60,AVAILABLE,HIGH,CATEGORY_GENERALIZATION,USDA FSIS FoodKeeper Data,https://catalog.data.gov/dataset/fsis-foodkeeper-data,"FoodKeeper Data English distribution; prior public-mirror locator: ingredients.csv record: Peaches, nectarines, plums, pears, sapote",2 months frozen,Freezer durations are quality guidance; freezing may soften fruit after thawing. Prepare and package fruit appropriately before freezing.
124,5,38,3,3,5,4,AVAILABLE,HIGH,CATEGORY_GENERALIZATION,USDA FSIS FoodKeeper Data,https://catalog.data.gov/dataset/fsis-foodkeeper-data,"FoodKeeper Data English distribution; prior public-mirror locator: ingredients.csv record: Papaya, mango, feijoa, passionfruit, casaha melon",3-5 days in pantry,Inspect for spoilage and follow package/manufacturer instructions when available.
125,5,38,1,7,7,7,AVAILABLE,HIGH,CATEGORY_GENERALIZATION,USDA FSIS FoodKeeper Data,https://catalog.data.gov/dataset/fsis-foodkeeper-data,"FoodKeeper Data English distribution; prior public-mirror locator: ingredients.csv record: Papaya, mango, feijoa, passionfruit, casaha melon",1 week refrigerated,Inspect for spoilage and follow package/manufacturer instructions when available.
126,5,38,2,180,240,210,AVAILABLE,HIGH,CATEGORY_GENERALIZATION,USDA FSIS FoodKeeper Data,https://catalog.data.gov/dataset/fsis-foodkeeper-data,"FoodKeeper Data English distribution; prior public-mirror locator: ingredients.csv record: Papaya, mango, feijoa, passionfruit, casaha melon",6-8 months frozen,Freezer durations are quality guidance; freezing may soften fruit after thawing. Prepare and package fruit appropriately before freezing.
127,5,39,3,0,0,,QUALITATIVE_ONLY,HIGH,CATEGORY_GENERALIZATION,USDA FSIS FoodKeeper Data,https://catalog.data.gov/dataset/fsis-foodkeeper-data,"FoodKeeper Data English distribution; prior public-mirror locator: ingredients.csv record: Peaches, nectarines, plums, pears, sapote",Keep at room temperature until ripe,Inspect for spoilage and follow package/manufacturer instructions when available.
128,5,39,1,3,5,4,AVAILABLE,HIGH,CATEGORY_GENERALIZATION,USDA FSIS FoodKeeper Data,https://catalog.data.gov/dataset/fsis-foodkeeper-data,"FoodKeeper Data English distribution; prior public-mirror locator: ingredients.csv record: Peaches, nectarines, plums, pears, sapote",3-5 days refrigerated once ripe,Inspect for spoilage and follow package/manufacturer instructions when available.
129,5,39,2,60,60,60,AVAILABLE,HIGH,CATEGORY_GENERALIZATION,USDA FSIS FoodKeeper Data,https://catalog.data.gov/dataset/fsis-foodkeeper-data,"FoodKeeper Data English distribution; prior public-mirror locator: ingredients.csv record: Peaches, nectarines, plums, pears, sapote",2 months frozen,Freezer durations are quality guidance; freezing may soften fruit after thawing. Prepare and package fruit appropriately before freezing.
130,5,40,3,10,10,10,AVAILABLE,HIGH,PRODUCT_SPECIFIC,USDA FSIS FoodKeeper Data,https://catalog.data.gov/dataset/fsis-foodkeeper-data,FoodKeeper Data English distribution; prior public-mirror locator: ingredients.csv record: Citrus fruit,10 days after purchase in pantry,Inspect for spoilage and follow package/manufacturer instructions when available.
131,5,40,1,10,21,15.5,AVAILABLE,HIGH,PRODUCT_SPECIFIC,USDA FSIS FoodKeeper Data,https://catalog.data.gov/dataset/fsis-foodkeeper-data,FoodKeeper Data English distribution; prior public-mirror locator: ingredients.csv record: Citrus fruit,10-21 days refrigerated,Inspect for spoilage and follow package/manufacturer instructions when available.
132,5,40,2,0,0,,NOT_RECOMMENDED,HIGH,PRODUCT_SPECIFIC,USDA FSIS FoodKeeper Data,https://catalog.data.gov/dataset/fsis-foodkeeper-data,FoodKeeper Data English distribution; prior public-mirror locator: ingredients.csv record: Citrus fruit,Not recommended for freezing in the fresh whole state,Inspect for spoilage and follow package/manufacturer instructions when available.
133,5,41,3,0,0,,NOT_RECOMMENDED,HIGH,CATEGORY_GENERALIZATION,USDA FSIS FoodKeeper Data,https://catalog.data.gov/dataset/fsis-foodkeeper-data,"FoodKeeper Data English distribution; prior public-mirror locator: ingredients.csv record: Berries - cherries, goose berries, lychee",No pantry duration supplied; refrigerate promptly for quality,Inspect for spoilage and follow package/manufacturer instructions when available.
134,5,41,1,7,7,7,AVAILABLE,HIGH,CATEGORY_GENERALIZATION,USDA FSIS FoodKeeper Data,https://catalog.data.gov/dataset/fsis-foodkeeper-data,"FoodKeeper Data English distribution; prior public-mirror locator: ingredients.csv record: Berries - cherries, goose berries, lychee",7 days refrigerated,Inspect for spoilage and follow package/manufacturer instructions when available.
135,5,41,2,360,360,360,AVAILABLE,HIGH,CATEGORY_GENERALIZATION,USDA FSIS FoodKeeper Data,https://catalog.data.gov/dataset/fsis-foodkeeper-data,"FoodKeeper Data English distribution; prior public-mirror locator: ingredients.csv record: Berries - cherries, goose berries, lychee",12 months frozen,Freezer durations are quality guidance; freezing may soften fruit after thawing. Prepare and package fruit appropriately before freezing.
136,5,42,3,3,5,4,AVAILABLE,HIGH,PRODUCT_SPECIFIC,USDA FSIS FoodKeeper Data,https://catalog.data.gov/dataset/fsis-foodkeeper-data,"FoodKeeper Data English distribution; prior public-mirror locator: ingredients.csv record: Papaya, mango, feijoa, passionfruit, casaha melon",3-5 days in pantry,Inspect for spoilage and follow package/manufacturer instructions when available.
137,5,42,1,7,7,7,AVAILABLE,HIGH,PRODUCT_SPECIFIC,USDA FSIS FoodKeeper Data,https://catalog.data.gov/dataset/fsis-foodkeeper-data,"FoodKeeper Data English distribution; prior public-mirror locator: ingredients.csv record: Papaya, mango, feijoa, passionfruit, casaha melon",1 week refrigerated,Inspect for spoilage and follow package/manufacturer instructions when available.
138,5,42,2,180,240,210,AVAILABLE,HIGH,PRODUCT_SPECIFIC,USDA FSIS FoodKeeper Data,https://catalog.data.gov/dataset/fsis-foodkeeper-data,"FoodKeeper Data English distribution; prior public-mirror locator: ingredients.csv record: Papaya, mango, feijoa, passionfruit, casaha melon",6-8 months frozen,Freezer durations are quality guidance; freezing may soften fruit after thawing. Prepare and package fruit appropriately before freezing.
139,5,43,3,0,0,,NOT_RECOMMENDED,HIGH,CATEGORY_GENERALIZATION,USDA FSIS FoodKeeper Data,https://catalog.data.gov/dataset/fsis-foodkeeper-data,"FoodKeeper Data English distribution; prior public-mirror locator: ingredients.csv record: Berries - cherries, goose berries, lychee",No pantry duration supplied; refrigerate promptly for quality,Inspect for spoilage and follow package/manufacturer instructions when available.
140,5,43,1,7,7,7,AVAILABLE,HIGH,CATEGORY_GENERALIZATION,USDA FSIS FoodKeeper Data,https://catalog.data.gov/dataset/fsis-foodkeeper-data,"FoodKeeper Data English distribution; prior public-mirror locator: ingredients.csv record: Berries - cherries, goose berries, lychee",7 days refrigerated,Inspect for spoilage and follow package/manufacturer instructions when available.
141,5,43,2,360,360,360,AVAILABLE,HIGH,CATEGORY_GENERALIZATION,USDA FSIS FoodKeeper Data,https://catalog.data.gov/dataset/fsis-foodkeeper-data,"FoodKeeper Data English distribution; prior public-mirror locator: ingredients.csv record: Berries - cherries, goose berries, lychee",12 months frozen,Freezer durations are quality guidance; freezing may soften fruit after thawing. Prepare and package fruit appropriately before freezing.
142,5,44,3,0,0,,QUALITATIVE_ONLY,HIGH,CATEGORY_GENERALIZATION,USDA FSIS FoodKeeper Data,https://catalog.data.gov/dataset/fsis-foodkeeper-data,"FoodKeeper Data English distribution; prior public-mirror locator: ingredients.csv record: Peaches, nectarines, plums, pears, sapote",Keep at room temperature until ripe,Inspect for spoilage and follow package/manufacturer instructions when available.
143,5,44,1,3,5,4,AVAILABLE,HIGH,CATEGORY_GENERALIZATION,USDA FSIS FoodKeeper Data,https://catalog.data.gov/dataset/fsis-foodkeeper-data,"FoodKeeper Data English distribution; prior public-mirror locator: ingredients.csv record: Peaches, nectarines, plums, pears, sapote",3-5 days refrigerated once ripe,Inspect for spoilage and follow package/manufacturer instructions when available.
144,5,44,2,60,60,60,AVAILABLE,HIGH,CATEGORY_GENERALIZATION,USDA FSIS FoodKeeper Data,https://catalog.data.gov/dataset/fsis-foodkeeper-data,"FoodKeeper Data English distribution; prior public-mirror locator: ingredients.csv record: Peaches, nectarines, plums, pears, sapote",2 months frozen,Freezer durations are quality guidance; freezing may soften fruit after thawing. Prepare and package fruit appropriately before freezing.
145,5,45,3,0,0,,QUALITATIVE_ONLY,HIGH,CATEGORY_GENERALIZATION,USDA FSIS FoodKeeper Data,https://catalog.data.gov/dataset/fsis-foodkeeper-data,FoodKeeper Data English distribution; prior public-mirror locator: ingredients.csv record: Cherimoya,Keep at room temperature until ripe,Inspect for spoilage and follow package/manufacturer instructions when available.
146,5,45,1,4,4,4,AVAILABLE,HIGH,CATEGORY_GENERALIZATION,USDA FSIS FoodKeeper Data,https://catalog.data.gov/dataset/fsis-foodkeeper-data,FoodKeeper Data English distribution; prior public-mirror locator: ingredients.csv record: Cherimoya,4 days refrigerated once ripe,Inspect for spoilage and follow package/manufacturer instructions when available.
147,5,45,2,300,360,330,AVAILABLE,HIGH,CATEGORY_GENERALIZATION,USDA FSIS FoodKeeper Data,https://catalog.data.gov/dataset/fsis-foodkeeper-data,FoodKeeper Data English distribution; prior public-mirror locator: ingredients.csv record: Cherimoya,10-12 months frozen,Freezer durations are quality guidance; freezing may soften fruit after thawing. Prepare and package fruit appropriately before freezing.
148,5,46,3,0,0,,QUALITATIVE_ONLY,HIGH,CATEGORY_GENERALIZATION,USDA FSIS FoodKeeper Data,https://catalog.data.gov/dataset/fsis-foodkeeper-data,FoodKeeper Data English distribution; prior public-mirror locator: ingredients.csv record: Cherimoya,Keep at room temperature until ripe,Inspect for spoilage and follow package/manufacturer instructions when available.
149,5,46,1,4,4,4,AVAILABLE,HIGH,CATEGORY_GENERALIZATION,USDA FSIS FoodKeeper Data,https://catalog.data.gov/dataset/fsis-foodkeeper-data,FoodKeeper Data English distribution; prior public-mirror locator: ingredients.csv record: Cherimoya,4 days refrigerated once ripe,Inspect for spoilage and follow package/manufacturer instructions when available.
150,5,46,2,300,360,330,AVAILABLE,HIGH,CATEGORY_GENERALIZATION,USDA FSIS FoodKeeper Data,https://catalog.data.gov/dataset/fsis-foodkeeper-data,FoodKeeper Data English distribution; prior public-mirror locator: ingredients.csv record: Cherimoya,10-12 months frozen,Freezer durations are quality guidance; freezing may soften fruit after thawing. Prepare and package fruit appropriately before freezing.
151,5,47,3,0,0,,QUALITATIVE_ONLY,HIGH,CATEGORY_GENERALIZATION,USDA FSIS FoodKeeper Data,https://catalog.data.gov/dataset/fsis-foodkeeper-data,"FoodKeeper Data English distribution; prior public-mirror locator: ingredients.csv record: Peaches, nectarines, plums, pears, sapote",Keep at room temperature until ripe,Inspect for spoilage and follow package/manufacturer instructions when available.
152,5,47,1,3,5,4,AVAILABLE,HIGH,CATEGORY_GENERALIZATION,USDA FSIS FoodKeeper Data,https://catalog.data.gov/dataset/fsis-foodkeeper-data,"FoodKeeper Data English distribution; prior public-mirror locator: ingredients.csv record: Peaches, nectarines, plums, pears, sapote",3-5 days refrigerated once ripe,Inspect for spoilage and follow package/manufacturer instructions when available.
153,5,47,2,60,60,60,AVAILABLE,HIGH,CATEGORY_GENERALIZATION,USDA FSIS FoodKeeper Data,https://catalog.data.gov/dataset/fsis-foodkeeper-data,"FoodKeeper Data English distribution; prior public-mirror locator: ingredients.csv record: Peaches, nectarines, plums, pears, sapote",2 months frozen,Freezer durations are quality guidance; freezing may soften fruit after thawing. Prepare and package fruit appropriately before freezing.
154,5,48,3,3,5,4,AVAILABLE,HIGH,CATEGORY_GENERALIZATION,USDA FSIS FoodKeeper Data,https://catalog.data.gov/dataset/fsis-foodkeeper-data,"FoodKeeper Data English distribution; prior public-mirror locator: ingredients.csv record: Papaya, mango, feijoa, passionfruit, casaha melon",3-5 days in pantry,Inspect for spoilage and follow package/manufacturer instructions when available.
155,5,48,1,7,7,7,AVAILABLE,HIGH,CATEGORY_GENERALIZATION,USDA FSIS FoodKeeper Data,https://catalog.data.gov/dataset/fsis-foodkeeper-data,"FoodKeeper Data English distribution; prior public-mirror locator: ingredients.csv record: Papaya, mango, feijoa, passionfruit, casaha melon",1 week refrigerated,Inspect for spoilage and follow package/manufacturer instructions when available.
156,5,48,2,180,240,210,AVAILABLE,HIGH,CATEGORY_GENERALIZATION,USDA FSIS FoodKeeper Data,https://catalog.data.gov/dataset/fsis-foodkeeper-data,"FoodKeeper Data English distribution; prior public-mirror locator: ingredients.csv record: Papaya, mango, feijoa, passionfruit, casaha melon",6-8 months frozen,Freezer durations are quality guidance; freezing may soften fruit after thawing. Prepare and package fruit appropriately before freezing.
157,5,49,3,3,5,4,AVAILABLE,HIGH,CATEGORY_GENERALIZATION,USDA FSIS FoodKeeper Data,https://catalog.data.gov/dataset/fsis-foodkeeper-data,"FoodKeeper Data English distribution; prior public-mirror locator: ingredients.csv record: Papaya, mango, feijoa, passionfruit, casaha melon",3-5 days in pantry,Inspect for spoilage and follow package/manufacturer instructions when available.
158,5,49,1,7,7,7,AVAILABLE,HIGH,CATEGORY_GENERALIZATION,USDA FSIS FoodKeeper Data,https://catalog.data.gov/dataset/fsis-foodkeeper-data,"FoodKeeper Data English distribution; prior public-mirror locator: ingredients.csv record: Papaya, mango, feijoa, passionfruit, casaha melon",1 week refrigerated,Inspect for spoilage and follow package/manufacturer instructions when available.
159,5,49,2,180,240,210,AVAILABLE,HIGH,CATEGORY_GENERALIZATION,USDA FSIS FoodKeeper Data,https://catalog.data.gov/dataset/fsis-foodkeeper-data,"FoodKeeper Data English distribution; prior public-mirror locator: ingredients.csv record: Papaya, mango, feijoa, passionfruit, casaha melon",6-8 months frozen,Freezer durations are quality guidance; freezing may soften fruit after thawing. Prepare and package fruit appropriately before freezing.
160,5,50,3,2,7,4.5,AVAILABLE,HIGH,PRODUCT_SPECIFIC,USDA FSIS FoodKeeper Data,https://catalog.data.gov/dataset/fsis-foodkeeper-data,FoodKeeper Data English distribution; prior public-mirror locator: ingredients.csv record: Honeydew,2-7 days after purchase in pantry,Inspect for spoilage and follow package/manufacturer instructions when available.
161,5,50,1,3,4,3.5,AVAILABLE,HIGH,PRODUCT_SPECIFIC,USDA FSIS FoodKeeper Data,https://catalog.data.gov/dataset/fsis-foodkeeper-data,FoodKeeper Data English distribution; prior public-mirror locator: ingredients.csv record: Honeydew,3-4 days refrigerated,Inspect for spoilage and follow package/manufacturer instructions when available.
162,5,50,2,360,360,360,AVAILABLE,HIGH,PRODUCT_SPECIFIC,USDA FSIS FoodKeeper Data,https://catalog.data.gov/dataset/fsis-foodkeeper-data,FoodKeeper Data English distribution; prior public-mirror locator: ingredients.csv record: Honeydew,12 months frozen,Freezer durations are quality guidance; freezing may soften fruit after thawing. Prepare and package fruit appropriately before freezing.
163,3,51,3,0,0,,NOT_RECOMMENDED,HIGH,CATEGORY_GENERALIZATION,Selecting and Serving Fresh and Frozen Seafood Safely,https://www.fda.gov/food/buy-store-serve-safe-food/selecting-and-serving-fresh-and-frozen-seafood-safely,Serving: two-hour rule,Never leave seafood out more than 2 hours; 1 hour only above 32 C,Discard after the safety maximum; this is not an endorsed room-temperature storage method.
164,3,51,1,1,2,1.5,AVAILABLE,HIGH,CATEGORY_GENERALIZATION,USDA FSIS FoodKeeper Data,https://catalog.data.gov/dataset/fsis-foodkeeper-data,"FoodKeeper Data English distribution; prior public-mirror locator: ingredients.csv record: Fatty fish; catfish, mackerel, mullet, salmon, tuna, etc.","1-2 days refrigerated; FoodKeeper category: Fatty fish; catfish, mackerel, mullet, salmon, tuna, etc.",Keep continuously chilled/frozen; use package instructions when more restrictive.
165,3,51,2,60,90,75,AVAILABLE,HIGH,CATEGORY_GENERALIZATION,USDA FSIS FoodKeeper Data,https://catalog.data.gov/dataset/fsis-foodkeeper-data,"FoodKeeper Data English distribution; prior public-mirror locator: ingredients.csv record: Fatty fish; catfish, mackerel, mullet, salmon, tuna, etc.","2-3 months frozen; FoodKeeper category: Fatty fish; catfish, mackerel, mullet, salmon, tuna, etc.",Keep continuously chilled/frozen; use package instructions when more restrictive.
166,3,52,3,0,0,,NOT_RECOMMENDED,HIGH,CATEGORY_GENERALIZATION,Selecting and Serving Fresh and Frozen Seafood Safely,https://www.fda.gov/food/buy-store-serve-safe-food/selecting-and-serving-fresh-and-frozen-seafood-safely,Serving: two-hour rule,Never leave seafood out more than 2 hours; 1 hour only above 32 C,Discard after the safety maximum; this is not an endorsed room-temperature storage method.
167,3,52,1,1,2,1.5,AVAILABLE,HIGH,CATEGORY_GENERALIZATION,USDA FSIS FoodKeeper Data,https://catalog.data.gov/dataset/fsis-foodkeeper-data,"FoodKeeper Data English distribution; prior public-mirror locator: ingredients.csv record: Fatty fish; catfish, mackerel, mullet, salmon, tuna, etc.","1-2 days refrigerated; FoodKeeper category: Fatty fish; catfish, mackerel, mullet, salmon, tuna, etc.",Keep continuously chilled/frozen; use package instructions when more restrictive.
168,3,52,2,60,90,75,AVAILABLE,HIGH,CATEGORY_GENERALIZATION,USDA FSIS FoodKeeper Data,https://catalog.data.gov/dataset/fsis-foodkeeper-data,"FoodKeeper Data English distribution; prior public-mirror locator: ingredients.csv record: Fatty fish; catfish, mackerel, mullet, salmon, tuna, etc.","2-3 months frozen; FoodKeeper category: Fatty fish; catfish, mackerel, mullet, salmon, tuna, etc.",Keep continuously chilled/frozen; use package instructions when more restrictive.
169,3,53,3,0,0,,NOT_RECOMMENDED,HIGH,CATEGORY_GENERALIZATION,Selecting and Serving Fresh and Frozen Seafood Safely,https://www.fda.gov/food/buy-store-serve-safe-food/selecting-and-serving-fresh-and-frozen-seafood-safely,Serving: two-hour rule,Never leave seafood out more than 2 hours; 1 hour only above 32 C,Discard after the safety maximum; this is not an endorsed room-temperature storage method.
170,3,53,1,1,2,1.5,AVAILABLE,HIGH,CATEGORY_GENERALIZATION,USDA FSIS FoodKeeper Data,https://catalog.data.gov/dataset/fsis-foodkeeper-data,"FoodKeeper Data English distribution; prior public-mirror locator: ingredients.csv record: Fatty fish; catfish, mackerel, mullet, salmon, tuna, etc.","1-2 days refrigerated; FoodKeeper category: Fatty fish; catfish, mackerel, mullet, salmon, tuna, etc.",Keep continuously chilled/frozen; use package instructions when more restrictive.
171,3,53,2,60,90,75,AVAILABLE,HIGH,CATEGORY_GENERALIZATION,USDA FSIS FoodKeeper Data,https://catalog.data.gov/dataset/fsis-foodkeeper-data,"FoodKeeper Data English distribution; prior public-mirror locator: ingredients.csv record: Fatty fish; catfish, mackerel, mullet, salmon, tuna, etc.","2-3 months frozen; FoodKeeper category: Fatty fish; catfish, mackerel, mullet, salmon, tuna, etc.",Keep continuously chilled/frozen; use package instructions when more restrictive.
172,3,54,3,0,0,,NOT_RECOMMENDED,HIGH,CATEGORY_GENERALIZATION,Selecting and Serving Fresh and Frozen Seafood Safely,https://www.fda.gov/food/buy-store-serve-safe-food/selecting-and-serving-fresh-and-frozen-seafood-safely,Serving: two-hour rule,Never leave seafood out more than 2 hours; 1 hour only above 32 C,Discard after the safety maximum; this is not an endorsed room-temperature storage method.
173,3,54,1,1,2,1.5,AVAILABLE,HIGH,CATEGORY_GENERALIZATION,USDA FSIS FoodKeeper Data,https://catalog.data.gov/dataset/fsis-foodkeeper-data,"FoodKeeper Data English distribution; prior public-mirror locator: ingredients.csv record: Fatty fish; catfish, mackerel, mullet, salmon, tuna, etc.","1-2 days refrigerated; FoodKeeper category: Fatty fish; catfish, mackerel, mullet, salmon, tuna, etc.",Keep continuously chilled/frozen; use package instructions when more restrictive.
174,3,54,2,60,90,75,AVAILABLE,HIGH,CATEGORY_GENERALIZATION,USDA FSIS FoodKeeper Data,https://catalog.data.gov/dataset/fsis-foodkeeper-data,"FoodKeeper Data English distribution; prior public-mirror locator: ingredients.csv record: Fatty fish; catfish, mackerel, mullet, salmon, tuna, etc.","2-3 months frozen; FoodKeeper category: Fatty fish; catfish, mackerel, mullet, salmon, tuna, etc.",Keep continuously chilled/frozen; use package instructions when more restrictive.
175,3,55,3,0,0,,NOT_RECOMMENDED,HIGH,CATEGORY_GENERALIZATION,Selecting and Serving Fresh and Frozen Seafood Safely,https://www.fda.gov/food/buy-store-serve-safe-food/selecting-and-serving-fresh-and-frozen-seafood-safely,Serving: two-hour rule,Never leave seafood out more than 2 hours; 1 hour only above 32 C,Discard after the safety maximum; this is not an endorsed room-temperature storage method.
176,3,55,1,1,2,1.5,AVAILABLE,HIGH,CATEGORY_GENERALIZATION,USDA FSIS FoodKeeper Data,https://catalog.data.gov/dataset/fsis-foodkeeper-data,"FoodKeeper Data English distribution; prior public-mirror locator: ingredients.csv record: Lean fish; cod, flounder, haddock, halibut, sole, etc.","1-2 days refrigerated; FoodKeeper category: Lean fish; cod, flounder, haddock, halibut, sole, etc.",Keep continuously chilled/frozen; use package instructions when more restrictive.
177,3,55,2,180,240,210,AVAILABLE,HIGH,CATEGORY_GENERALIZATION,USDA FSIS FoodKeeper Data,https://catalog.data.gov/dataset/fsis-foodkeeper-data,"FoodKeeper Data English distribution; prior public-mirror locator: ingredients.csv record: Lean fish; cod, flounder, haddock, halibut, sole, etc.","6-8 months frozen; FoodKeeper category: Lean fish; cod, flounder, haddock, halibut, sole, etc.",Keep continuously chilled/frozen; use package instructions when more restrictive.
178,3,56,3,0,0,,NOT_RECOMMENDED,HIGH,CATEGORY_GENERALIZATION,Selecting and Serving Fresh and Frozen Seafood Safely,https://www.fda.gov/food/buy-store-serve-safe-food/selecting-and-serving-fresh-and-frozen-seafood-safely,Serving: two-hour rule,Never leave seafood out more than 2 hours; 1 hour only above 32 C,Discard after the safety maximum; this is not an endorsed room-temperature storage method.
179,3,56,1,1,2,1.5,AVAILABLE,HIGH,CATEGORY_GENERALIZATION,USDA FSIS FoodKeeper Data,https://catalog.data.gov/dataset/fsis-foodkeeper-data,"FoodKeeper Data English distribution; prior public-mirror locator: ingredients.csv record: Lean fish; cod, flounder, haddock, halibut, sole, etc.","1-2 days refrigerated; FoodKeeper category: Lean fish; cod, flounder, haddock, halibut, sole, etc.",Keep continuously chilled/frozen; use package instructions when more restrictive.
180,3,56,2,180,240,210,AVAILABLE,HIGH,CATEGORY_GENERALIZATION,USDA FSIS FoodKeeper Data,https://catalog.data.gov/dataset/fsis-foodkeeper-data,"FoodKeeper Data English distribution; prior public-mirror locator: ingredients.csv record: Lean fish; cod, flounder, haddock, halibut, sole, etc.","6-8 months frozen; FoodKeeper category: Lean fish; cod, flounder, haddock, halibut, sole, etc.",Keep continuously chilled/frozen; use package instructions when more restrictive.
181,3,57,3,0,0,,NOT_RECOMMENDED,HIGH,CATEGORY_GENERALIZATION,Selecting and Serving Fresh and Frozen Seafood Safely,https://www.fda.gov/food/buy-store-serve-safe-food/selecting-and-serving-fresh-and-frozen-seafood-safely,Serving: two-hour rule,Never leave seafood out more than 2 hours; 1 hour only above 32 C,Discard after the safety maximum; this is not an endorsed room-temperature storage method.
182,3,57,1,1,2,1.5,AVAILABLE,HIGH,CATEGORY_GENERALIZATION,USDA FSIS FoodKeeper Data,https://catalog.data.gov/dataset/fsis-foodkeeper-data,"FoodKeeper Data English distribution; prior public-mirror locator: ingredients.csv record: Lean fish; cod, flounder, haddock, halibut, sole, etc.","1-2 days refrigerated; FoodKeeper category: Lean fish; cod, flounder, haddock, halibut, sole, etc.",Keep continuously chilled/frozen; use package instructions when more restrictive.
183,3,57,2,180,240,210,AVAILABLE,HIGH,CATEGORY_GENERALIZATION,USDA FSIS FoodKeeper Data,https://catalog.data.gov/dataset/fsis-foodkeeper-data,"FoodKeeper Data English distribution; prior public-mirror locator: ingredients.csv record: Lean fish; cod, flounder, haddock, halibut, sole, etc.","6-8 months frozen; FoodKeeper category: Lean fish; cod, flounder, haddock, halibut, sole, etc.",Keep continuously chilled/frozen; use package instructions when more restrictive.
184,3,58,3,0,0,,NOT_RECOMMENDED,HIGH,CATEGORY_GENERALIZATION,Selecting and Serving Fresh and Frozen Seafood Safely,https://www.fda.gov/food/buy-store-serve-safe-food/selecting-and-serving-fresh-and-frozen-seafood-safely,Serving: two-hour rule,Never leave seafood out more than 2 hours; 1 hour only above 32 C,Discard after the safety maximum; this is not an endorsed room-temperature storage method.
185,3,58,1,1,2,1.5,AVAILABLE,HIGH,CATEGORY_GENERALIZATION,USDA FSIS FoodKeeper Data,https://catalog.data.gov/dataset/fsis-foodkeeper-data,"FoodKeeper Data English distribution; prior public-mirror locator: ingredients.csv record: Lean fish; cod, flounder, haddock, halibut, sole, etc.","1-2 days refrigerated; FoodKeeper category: Lean fish; cod, flounder, haddock, halibut, sole, etc.",Keep continuously chilled/frozen; use package instructions when more restrictive.
186,3,58,2,180,240,210,AVAILABLE,HIGH,CATEGORY_GENERALIZATION,USDA FSIS FoodKeeper Data,https://catalog.data.gov/dataset/fsis-foodkeeper-data,"FoodKeeper Data English distribution; prior public-mirror locator: ingredients.csv record: Lean fish; cod, flounder, haddock, halibut, sole, etc.","6-8 months frozen; FoodKeeper category: Lean fish; cod, flounder, haddock, halibut, sole, etc.",Keep continuously chilled/frozen; use package instructions when more restrictive.
187,3,59,3,0,0,,NOT_RECOMMENDED,HIGH,CATEGORY_GENERALIZATION,Selecting and Serving Fresh and Frozen Seafood Safely,https://www.fda.gov/food/buy-store-serve-safe-food/selecting-and-serving-fresh-and-frozen-seafood-safely,Serving: two-hour rule,Never leave seafood out more than 2 hours; 1 hour only above 32 C,Discard after the safety maximum; this is not an endorsed room-temperature storage method.
188,3,59,1,1,2,1.5,AVAILABLE,HIGH,CATEGORY_GENERALIZATION,USDA FSIS FoodKeeper Data,https://catalog.data.gov/dataset/fsis-foodkeeper-data,"FoodKeeper Data English distribution; prior public-mirror locator: ingredients.csv record: Fatty fish; catfish, mackerel, mullet, salmon, tuna, etc.","1-2 days refrigerated; FoodKeeper category: Fatty fish; catfish, mackerel, mullet, salmon, tuna, etc.",Keep continuously chilled/frozen; use package instructions when more restrictive.
189,3,59,2,60,90,75,AVAILABLE,HIGH,CATEGORY_GENERALIZATION,USDA FSIS FoodKeeper Data,https://catalog.data.gov/dataset/fsis-foodkeeper-data,"FoodKeeper Data English distribution; prior public-mirror locator: ingredients.csv record: Fatty fish; catfish, mackerel, mullet, salmon, tuna, etc.","2-3 months frozen; FoodKeeper category: Fatty fish; catfish, mackerel, mullet, salmon, tuna, etc.",Keep continuously chilled/frozen; use package instructions when more restrictive.
190,3,60,3,0,0,,NOT_RECOMMENDED,HIGH,CATEGORY_GENERALIZATION,Selecting and Serving Fresh and Frozen Seafood Safely,https://www.fda.gov/food/buy-store-serve-safe-food/selecting-and-serving-fresh-and-frozen-seafood-safely,Serving: two-hour rule,Never leave seafood out more than 2 hours; 1 hour only above 32 C,Discard after the safety maximum; this is not an endorsed room-temperature storage method.
191,3,60,1,1,2,1.5,AVAILABLE,HIGH,CATEGORY_GENERALIZATION,USDA FSIS FoodKeeper Data,https://catalog.data.gov/dataset/fsis-foodkeeper-data,"FoodKeeper Data English distribution; prior public-mirror locator: ingredients.csv record: Fatty fish; catfish, mackerel, mullet, salmon, tuna, etc.","1-2 days refrigerated; FoodKeeper category: Fatty fish; catfish, mackerel, mullet, salmon, tuna, etc.",Keep continuously chilled/frozen; use package instructions when more restrictive.
192,3,60,2,60,90,75,AVAILABLE,HIGH,CATEGORY_GENERALIZATION,USDA FSIS FoodKeeper Data,https://catalog.data.gov/dataset/fsis-foodkeeper-data,"FoodKeeper Data English distribution; prior public-mirror locator: ingredients.csv record: Fatty fish; catfish, mackerel, mullet, salmon, tuna, etc.","2-3 months frozen; FoodKeeper category: Fatty fish; catfish, mackerel, mullet, salmon, tuna, etc.",Keep continuously chilled/frozen; use package instructions when more restrictive.
193,3,61,3,0,0,,NOT_RECOMMENDED,HIGH,CATEGORY_GENERALIZATION,Selecting and Serving Fresh and Frozen Seafood Safely,https://www.fda.gov/food/buy-store-serve-safe-food/selecting-and-serving-fresh-and-frozen-seafood-safely,Serving: two-hour rule,Never leave seafood out more than 2 hours; 1 hour only above 32 C,Discard after the safety maximum; this is not an endorsed room-temperature storage method.
194,3,61,1,1,2,1.5,AVAILABLE,HIGH,CATEGORY_GENERALIZATION,USDA FSIS FoodKeeper Data,https://catalog.data.gov/dataset/fsis-foodkeeper-data,"FoodKeeper Data English distribution; prior public-mirror locator: ingredients.csv record: Fatty fish; catfish, mackerel, mullet, salmon, tuna, etc.","1-2 days refrigerated; FoodKeeper category: Fatty fish; catfish, mackerel, mullet, salmon, tuna, etc.",Keep continuously chilled/frozen; use package instructions when more restrictive.
195,3,61,2,60,90,75,AVAILABLE,HIGH,CATEGORY_GENERALIZATION,USDA FSIS FoodKeeper Data,https://catalog.data.gov/dataset/fsis-foodkeeper-data,"FoodKeeper Data English distribution; prior public-mirror locator: ingredients.csv record: Fatty fish; catfish, mackerel, mullet, salmon, tuna, etc.","2-3 months frozen; FoodKeeper category: Fatty fish; catfish, mackerel, mullet, salmon, tuna, etc.",Keep continuously chilled/frozen; use package instructions when more restrictive.
196,3,62,3,0,0,,NOT_RECOMMENDED,HIGH,CATEGORY_GENERALIZATION,Selecting and Serving Fresh and Frozen Seafood Safely,https://www.fda.gov/food/buy-store-serve-safe-food/selecting-and-serving-fresh-and-frozen-seafood-safely,Serving: two-hour rule,Never leave seafood out more than 2 hours; 1 hour only above 32 C,Discard after the safety maximum; this is not an endorsed room-temperature storage method.
197,3,62,1,1,2,1.5,AVAILABLE,HIGH,CATEGORY_GENERALIZATION,USDA FSIS FoodKeeper Data,https://catalog.data.gov/dataset/fsis-foodkeeper-data,"FoodKeeper Data English distribution; prior public-mirror locator: ingredients.csv record: Fatty fish; catfish, mackerel, mullet, salmon, tuna, etc.","1-2 days refrigerated; FoodKeeper category: Fatty fish; catfish, mackerel, mullet, salmon, tuna, etc.",Keep continuously chilled/frozen; use package instructions when more restrictive.
198,3,62,2,60,90,75,AVAILABLE,HIGH,CATEGORY_GENERALIZATION,USDA FSIS FoodKeeper Data,https://catalog.data.gov/dataset/fsis-foodkeeper-data,"FoodKeeper Data English distribution; prior public-mirror locator: ingredients.csv record: Fatty fish; catfish, mackerel, mullet, salmon, tuna, etc.","2-3 months frozen; FoodKeeper category: Fatty fish; catfish, mackerel, mullet, salmon, tuna, etc.",Keep continuously chilled/frozen; use package instructions when more restrictive.
199,3,63,3,0,0,,NOT_RECOMMENDED,HIGH,CATEGORY_GENERALIZATION,Selecting and Serving Fresh and Frozen Seafood Safely,https://www.fda.gov/food/buy-store-serve-safe-food/selecting-and-serving-fresh-and-frozen-seafood-safely,Serving: two-hour rule,Never leave seafood out more than 2 hours; 1 hour only above 32 C,Discard after the safety maximum; this is not an endorsed room-temperature storage method.
200,3,63,1,1,2,1.5,AVAILABLE,HIGH,CATEGORY_GENERALIZATION,USDA FSIS FoodKeeper Data,https://catalog.data.gov/dataset/fsis-foodkeeper-data,"FoodKeeper Data English distribution; prior public-mirror locator: ingredients.csv record: Fatty fish; catfish, mackerel, mullet, salmon, tuna, etc.","1-2 days refrigerated; FoodKeeper category: Fatty fish; catfish, mackerel, mullet, salmon, tuna, etc.",Keep continuously chilled/frozen; use package instructions when more restrictive.
201,3,63,2,60,90,75,AVAILABLE,HIGH,CATEGORY_GENERALIZATION,USDA FSIS FoodKeeper Data,https://catalog.data.gov/dataset/fsis-foodkeeper-data,"FoodKeeper Data English distribution; prior public-mirror locator: ingredients.csv record: Fatty fish; catfish, mackerel, mullet, salmon, tuna, etc.","2-3 months frozen; FoodKeeper category: Fatty fish; catfish, mackerel, mullet, salmon, tuna, etc.",Keep continuously chilled/frozen; use package instructions when more restrictive.
202,3,64,3,0,0,,NOT_RECOMMENDED,HIGH,CATEGORY_GENERALIZATION,Selecting and Serving Fresh and Frozen Seafood Safely,https://www.fda.gov/food/buy-store-serve-safe-food/selecting-and-serving-fresh-and-frozen-seafood-safely,Serving: two-hour rule,Never leave seafood out more than 2 hours; 1 hour only above 32 C,Discard after the safety maximum; this is not an endorsed room-temperature storage method.
203,3,64,1,1,2,1.5,AVAILABLE,HIGH,CATEGORY_GENERALIZATION,USDA FSIS FoodKeeper Data,https://catalog.data.gov/dataset/fsis-foodkeeper-data,"FoodKeeper Data English distribution; prior public-mirror locator: ingredients.csv record: Lean fish; cod, flounder, haddock, halibut, sole, etc.","1-2 days refrigerated; FoodKeeper category: Lean fish; cod, flounder, haddock, halibut, sole, etc.",Keep continuously chilled/frozen; use package instructions when more restrictive.
204,3,64,2,180,240,210,AVAILABLE,HIGH,CATEGORY_GENERALIZATION,USDA FSIS FoodKeeper Data,https://catalog.data.gov/dataset/fsis-foodkeeper-data,"FoodKeeper Data English distribution; prior public-mirror locator: ingredients.csv record: Lean fish; cod, flounder, haddock, halibut, sole, etc.","6-8 months frozen; FoodKeeper category: Lean fish; cod, flounder, haddock, halibut, sole, etc.",Keep continuously chilled/frozen; use package instructions when more restrictive.
205,3,65,3,0,0,,NOT_RECOMMENDED,HIGH,CATEGORY_GENERALIZATION,Selecting and Serving Fresh and Frozen Seafood Safely,https://www.fda.gov/food/buy-store-serve-safe-food/selecting-and-serving-fresh-and-frozen-seafood-safely,Serving: two-hour rule,Never leave seafood out more than 2 hours; 1 hour only above 32 C,Discard after the safety maximum; this is not an endorsed room-temperature storage method.
206,3,65,1,1,2,1.5,AVAILABLE,HIGH,CATEGORY_GENERALIZATION,USDA FSIS FoodKeeper Data,https://catalog.data.gov/dataset/fsis-foodkeeper-data,"FoodKeeper Data English distribution; prior public-mirror locator: ingredients.csv record: Lean fish; cod, flounder, haddock, halibut, sole, etc.","1-2 days refrigerated; FoodKeeper category: Lean fish; cod, flounder, haddock, halibut, sole, etc.",Keep continuously chilled/frozen; use package instructions when more restrictive.
207,3,65,2,180,240,210,AVAILABLE,HIGH,CATEGORY_GENERALIZATION,USDA FSIS FoodKeeper Data,https://catalog.data.gov/dataset/fsis-foodkeeper-data,"FoodKeeper Data English distribution; prior public-mirror locator: ingredients.csv record: Lean fish; cod, flounder, haddock, halibut, sole, etc.","6-8 months frozen; FoodKeeper category: Lean fish; cod, flounder, haddock, halibut, sole, etc.",Keep continuously chilled/frozen; use package instructions when more restrictive.
208,3,66,3,0,0,,NOT_RECOMMENDED,HIGH,CATEGORY_GENERALIZATION,Selecting and Serving Fresh and Frozen Seafood Safely,https://www.fda.gov/food/buy-store-serve-safe-food/selecting-and-serving-fresh-and-frozen-seafood-safely,Serving: two-hour rule,Never leave seafood out more than 2 hours; 1 hour only above 32 C,Discard after the safety maximum; this is not an endorsed room-temperature storage method.
209,3,66,1,1,2,1.5,AVAILABLE,HIGH,CATEGORY_GENERALIZATION,USDA FSIS FoodKeeper Data,https://catalog.data.gov/dataset/fsis-foodkeeper-data,"FoodKeeper Data English distribution; prior public-mirror locator: ingredients.csv record: Lean fish; cod, flounder, haddock, halibut, sole, etc.","1-2 days refrigerated; FoodKeeper category: Lean fish; cod, flounder, haddock, halibut, sole, etc.",Keep continuously chilled/frozen; use package instructions when more restrictive.
210,3,66,2,180,240,210,AVAILABLE,HIGH,CATEGORY_GENERALIZATION,USDA FSIS FoodKeeper Data,https://catalog.data.gov/dataset/fsis-foodkeeper-data,"FoodKeeper Data English distribution; prior public-mirror locator: ingredients.csv record: Lean fish; cod, flounder, haddock, halibut, sole, etc.","6-8 months frozen; FoodKeeper category: Lean fish; cod, flounder, haddock, halibut, sole, etc.",Keep continuously chilled/frozen; use package instructions when more restrictive.
211,3,67,3,0,0,,NOT_RECOMMENDED,HIGH,CATEGORY_GENERALIZATION,Selecting and Serving Fresh and Frozen Seafood Safely,https://www.fda.gov/food/buy-store-serve-safe-food/selecting-and-serving-fresh-and-frozen-seafood-safely,Serving: two-hour rule,Never leave seafood out more than 2 hours; 1 hour only above 32 C,Discard after the safety maximum; this is not an endorsed room-temperature storage method.
212,3,67,1,1,2,1.5,AVAILABLE,HIGH,CATEGORY_GENERALIZATION,USDA FSIS FoodKeeper Data,https://catalog.data.gov/dataset/fsis-foodkeeper-data,"FoodKeeper Data English distribution; prior public-mirror locator: ingredients.csv record: Lean fish; cod, flounder, haddock, halibut, sole, etc.","1-2 days refrigerated; FoodKeeper category: Lean fish; cod, flounder, haddock, halibut, sole, etc.",Keep continuously chilled/frozen; use package instructions when more restrictive.
213,3,67,2,180,240,210,AVAILABLE,HIGH,CATEGORY_GENERALIZATION,USDA FSIS FoodKeeper Data,https://catalog.data.gov/dataset/fsis-foodkeeper-data,"FoodKeeper Data English distribution; prior public-mirror locator: ingredients.csv record: Lean fish; cod, flounder, haddock, halibut, sole, etc.","6-8 months frozen; FoodKeeper category: Lean fish; cod, flounder, haddock, halibut, sole, etc.",Keep continuously chilled/frozen; use package instructions when more restrictive.
214,3,68,3,0,0,,NOT_RECOMMENDED,HIGH,CATEGORY_GENERALIZATION,Selecting and Serving Fresh and Frozen Seafood Safely,https://www.fda.gov/food/buy-store-serve-safe-food/selecting-and-serving-fresh-and-frozen-seafood-safely,Serving: two-hour rule,Never leave seafood out more than 2 hours; 1 hour only above 32 C,Discard after the safety maximum; this is not an endorsed room-temperature storage method.
215,3,68,1,1,2,1.5,AVAILABLE,HIGH,CATEGORY_GENERALIZATION,USDA FSIS FoodKeeper Data,https://catalog.data.gov/dataset/fsis-foodkeeper-data,"FoodKeeper Data English distribution; prior public-mirror locator: ingredients.csv record: Lean fish; cod, flounder, haddock, halibut, sole, etc.","1-2 days refrigerated; FoodKeeper category: Lean fish; cod, flounder, haddock, halibut, sole, etc.",Keep continuously chilled/frozen; use package instructions when more restrictive.
216,3,68,2,180,240,210,AVAILABLE,HIGH,CATEGORY_GENERALIZATION,USDA FSIS FoodKeeper Data,https://catalog.data.gov/dataset/fsis-foodkeeper-data,"FoodKeeper Data English distribution; prior public-mirror locator: ingredients.csv record: Lean fish; cod, flounder, haddock, halibut, sole, etc.","6-8 months frozen; FoodKeeper category: Lean fish; cod, flounder, haddock, halibut, sole, etc.",Keep continuously chilled/frozen; use package instructions when more restrictive.
217,3,69,3,0,0,,NOT_RECOMMENDED,HIGH,CATEGORY_GENERALIZATION,Selecting and Serving Fresh and Frozen Seafood Safely,https://www.fda.gov/food/buy-store-serve-safe-food/selecting-and-serving-fresh-and-frozen-seafood-safely,Serving: two-hour rule,Never leave seafood out more than 2 hours; 1 hour only above 32 C,Discard after the safety maximum; this is not an endorsed room-temperature storage method.
218,3,69,1,1,2,1.5,AVAILABLE,HIGH,CATEGORY_GENERALIZATION,USDA FSIS FoodKeeper Data,https://catalog.data.gov/dataset/fsis-foodkeeper-data,"FoodKeeper Data English distribution; prior public-mirror locator: ingredients.csv record: Lean fish; cod, flounder, haddock, halibut, sole, etc.","1-2 days refrigerated; FoodKeeper category: Lean fish; cod, flounder, haddock, halibut, sole, etc.",Keep continuously chilled/frozen; use package instructions when more restrictive.
219,3,69,2,180,240,210,AVAILABLE,HIGH,CATEGORY_GENERALIZATION,USDA FSIS FoodKeeper Data,https://catalog.data.gov/dataset/fsis-foodkeeper-data,"FoodKeeper Data English distribution; prior public-mirror locator: ingredients.csv record: Lean fish; cod, flounder, haddock, halibut, sole, etc.","6-8 months frozen; FoodKeeper category: Lean fish; cod, flounder, haddock, halibut, sole, etc.",Keep continuously chilled/frozen; use package instructions when more restrictive.
220,3,70,3,0,0,,NOT_RECOMMENDED,HIGH,CATEGORY_GENERALIZATION,Selecting and Serving Fresh and Frozen Seafood Safely,https://www.fda.gov/food/buy-store-serve-safe-food/selecting-and-serving-fresh-and-frozen-seafood-safely,Serving: two-hour rule,Never leave seafood out more than 2 hours; 1 hour only above 32 C,Discard after the safety maximum; this is not an endorsed room-temperature storage method.
221,3,70,1,1,2,1.5,AVAILABLE,HIGH,CATEGORY_GENERALIZATION,USDA FSIS FoodKeeper Data,https://catalog.data.gov/dataset/fsis-foodkeeper-data,"FoodKeeper Data English distribution; prior public-mirror locator: ingredients.csv record: Lean fish; cod, flounder, haddock, halibut, sole, etc.","1-2 days refrigerated; FoodKeeper category: Lean fish; cod, flounder, haddock, halibut, sole, etc.",Keep continuously chilled/frozen; use package instructions when more restrictive.
222,3,70,2,180,240,210,AVAILABLE,HIGH,CATEGORY_GENERALIZATION,USDA FSIS FoodKeeper Data,https://catalog.data.gov/dataset/fsis-foodkeeper-data,"FoodKeeper Data English distribution; prior public-mirror locator: ingredients.csv record: Lean fish; cod, flounder, haddock, halibut, sole, etc.","6-8 months frozen; FoodKeeper category: Lean fish; cod, flounder, haddock, halibut, sole, etc.",Keep continuously chilled/frozen; use package instructions when more restrictive.
223,3,71,3,0,0,,NOT_RECOMMENDED,HIGH,CATEGORY_GENERALIZATION,Selecting and Serving Fresh and Frozen Seafood Safely,https://www.fda.gov/food/buy-store-serve-safe-food/selecting-and-serving-fresh-and-frozen-seafood-safely,Serving: two-hour rule,Never leave seafood out more than 2 hours; 1 hour only above 32 C,Discard after the safety maximum; this is not an endorsed room-temperature storage method.
224,3,71,1,1,2,1.5,AVAILABLE,HIGH,CATEGORY_GENERALIZATION,USDA FSIS FoodKeeper Data,https://catalog.data.gov/dataset/fsis-foodkeeper-data,"FoodKeeper Data English distribution; prior public-mirror locator: ingredients.csv record: Lean fish; cod, flounder, haddock, halibut, sole, etc.","1-2 days refrigerated; FoodKeeper category: Lean fish; cod, flounder, haddock, halibut, sole, etc.",Keep continuously chilled/frozen; use package instructions when more restrictive.
225,3,71,2,180,240,210,AVAILABLE,HIGH,CATEGORY_GENERALIZATION,USDA FSIS FoodKeeper Data,https://catalog.data.gov/dataset/fsis-foodkeeper-data,"FoodKeeper Data English distribution; prior public-mirror locator: ingredients.csv record: Lean fish; cod, flounder, haddock, halibut, sole, etc.","6-8 months frozen; FoodKeeper category: Lean fish; cod, flounder, haddock, halibut, sole, etc.",Keep continuously chilled/frozen; use package instructions when more restrictive.
226,3,72,3,0,0,,NOT_RECOMMENDED,HIGH,CATEGORY_GENERALIZATION,Selecting and Serving Fresh and Frozen Seafood Safely,https://www.fda.gov/food/buy-store-serve-safe-food/selecting-and-serving-fresh-and-frozen-seafood-safely,Serving: two-hour rule,Never leave seafood out more than 2 hours; 1 hour only above 32 C,Discard after the safety maximum; this is not an endorsed room-temperature storage method.
227,3,72,1,1,2,1.5,AVAILABLE,HIGH,CATEGORY_GENERALIZATION,USDA FSIS FoodKeeper Data,https://catalog.data.gov/dataset/fsis-foodkeeper-data,"FoodKeeper Data English distribution; prior public-mirror locator: ingredients.csv record: Lean fish; cod, flounder, haddock, halibut, sole, etc.","1-2 days refrigerated; FoodKeeper category: Lean fish; cod, flounder, haddock, halibut, sole, etc.",Keep continuously chilled/frozen; use package instructions when more restrictive.
228,3,72,2,180,240,210,AVAILABLE,HIGH,CATEGORY_GENERALIZATION,USDA FSIS FoodKeeper Data,https://catalog.data.gov/dataset/fsis-foodkeeper-data,"FoodKeeper Data English distribution; prior public-mirror locator: ingredients.csv record: Lean fish; cod, flounder, haddock, halibut, sole, etc.","6-8 months frozen; FoodKeeper category: Lean fish; cod, flounder, haddock, halibut, sole, etc.",Keep continuously chilled/frozen; use package instructions when more restrictive.
229,3,73,3,0,0,,NOT_RECOMMENDED,HIGH,CATEGORY_GENERALIZATION,Selecting and Serving Fresh and Frozen Seafood Safely,https://www.fda.gov/food/buy-store-serve-safe-food/selecting-and-serving-fresh-and-frozen-seafood-safely,Serving: two-hour rule,Never leave seafood out more than 2 hours; 1 hour only above 32 C,Discard after the safety maximum; this is not an endorsed room-temperature storage method.
230,3,73,1,1,2,1.5,AVAILABLE,HIGH,CATEGORY_GENERALIZATION,USDA FSIS FoodKeeper Data,https://catalog.data.gov/dataset/fsis-foodkeeper-data,"FoodKeeper Data English distribution; prior public-mirror locator: ingredients.csv record: Lean fish; cod, flounder, haddock, halibut, sole, etc.","1-2 days refrigerated; FoodKeeper category: Lean fish; cod, flounder, haddock, halibut, sole, etc.",Keep continuously chilled/frozen; use package instructions when more restrictive.
231,3,73,2,180,240,210,AVAILABLE,HIGH,CATEGORY_GENERALIZATION,USDA FSIS FoodKeeper Data,https://catalog.data.gov/dataset/fsis-foodkeeper-data,"FoodKeeper Data English distribution; prior public-mirror locator: ingredients.csv record: Lean fish; cod, flounder, haddock, halibut, sole, etc.","6-8 months frozen; FoodKeeper category: Lean fish; cod, flounder, haddock, halibut, sole, etc.",Keep continuously chilled/frozen; use package instructions when more restrictive.
232,3,74,3,0,0,,NOT_RECOMMENDED,HIGH,CATEGORY_GENERALIZATION,Selecting and Serving Fresh and Frozen Seafood Safely,https://www.fda.gov/food/buy-store-serve-safe-food/selecting-and-serving-fresh-and-frozen-seafood-safely,Serving: two-hour rule,Never leave seafood out more than 2 hours; 1 hour only above 32 C,Discard after the safety maximum; this is not an endorsed room-temperature storage method.
233,3,74,1,1,2,1.5,AVAILABLE,HIGH,CATEGORY_GENERALIZATION,USDA FSIS FoodKeeper Data,https://catalog.data.gov/dataset/fsis-foodkeeper-data,"FoodKeeper Data English distribution; prior public-mirror locator: ingredients.csv record: Fatty fish; catfish, mackerel, mullet, salmon, tuna, etc.","1-2 days refrigerated; FoodKeeper category: Fatty fish; catfish, mackerel, mullet, salmon, tuna, etc.",Keep continuously chilled/frozen; use package instructions when more restrictive.
234,3,74,2,60,90,75,AVAILABLE,HIGH,CATEGORY_GENERALIZATION,USDA FSIS FoodKeeper Data,https://catalog.data.gov/dataset/fsis-foodkeeper-data,"FoodKeeper Data English distribution; prior public-mirror locator: ingredients.csv record: Fatty fish; catfish, mackerel, mullet, salmon, tuna, etc.","2-3 months frozen; FoodKeeper category: Fatty fish; catfish, mackerel, mullet, salmon, tuna, etc.",Keep continuously chilled/frozen; use package instructions when more restrictive.
235,3,75,3,0,0,,NOT_RECOMMENDED,HIGH,CATEGORY_GENERALIZATION,Selecting and Serving Fresh and Frozen Seafood Safely,https://www.fda.gov/food/buy-store-serve-safe-food/selecting-and-serving-fresh-and-frozen-seafood-safely,Serving: two-hour rule,Never leave seafood out more than 2 hours; 1 hour only above 32 C,Discard after the safety maximum; this is not an endorsed room-temperature storage method.
236,3,75,1,1,2,1.5,AVAILABLE,HIGH,CATEGORY_GENERALIZATION,USDA FSIS FoodKeeper Data,https://catalog.data.gov/dataset/fsis-foodkeeper-data,"FoodKeeper Data English distribution; prior public-mirror locator: ingredients.csv record: Fatty fish; catfish, mackerel, mullet, salmon, tuna, etc.","1-2 days refrigerated; FoodKeeper category: Fatty fish; catfish, mackerel, mullet, salmon, tuna, etc.",Keep continuously chilled/frozen; use package instructions when more restrictive.
237,3,75,2,60,90,75,AVAILABLE,HIGH,CATEGORY_GENERALIZATION,USDA FSIS FoodKeeper Data,https://catalog.data.gov/dataset/fsis-foodkeeper-data,"FoodKeeper Data English distribution; prior public-mirror locator: ingredients.csv record: Fatty fish; catfish, mackerel, mullet, salmon, tuna, etc.","2-3 months frozen; FoodKeeper category: Fatty fish; catfish, mackerel, mullet, salmon, tuna, etc.",Keep continuously chilled/frozen; use package instructions when more restrictive.
238,3,76,3,0,0,,NOT_RECOMMENDED,HIGH,CATEGORY_GENERALIZATION,Selecting and Serving Fresh and Frozen Seafood Safely,https://www.fda.gov/food/buy-store-serve-safe-food/selecting-and-serving-fresh-and-frozen-seafood-safely,Serving: two-hour rule,Never leave seafood out more than 2 hours; 1 hour only above 32 C,Discard after the safety maximum; this is not an endorsed room-temperature storage method.
239,3,76,1,1,2,1.5,AVAILABLE,HIGH,CATEGORY_GENERALIZATION,USDA FSIS FoodKeeper Data,https://catalog.data.gov/dataset/fsis-foodkeeper-data,"FoodKeeper Data English distribution; prior public-mirror locator: ingredients.csv record: Lean fish; cod, flounder, haddock, halibut, sole, etc.","1-2 days refrigerated; FoodKeeper category: Lean fish; cod, flounder, haddock, halibut, sole, etc.",Keep continuously chilled/frozen; use package instructions when more restrictive.
240,3,76,2,180,240,210,AVAILABLE,HIGH,CATEGORY_GENERALIZATION,USDA FSIS FoodKeeper Data,https://catalog.data.gov/dataset/fsis-foodkeeper-data,"FoodKeeper Data English distribution; prior public-mirror locator: ingredients.csv record: Lean fish; cod, flounder, haddock, halibut, sole, etc.","6-8 months frozen; FoodKeeper category: Lean fish; cod, flounder, haddock, halibut, sole, etc.",Keep continuously chilled/frozen; use package instructions when more restrictive.
241,3,77,3,0,0,,NOT_RECOMMENDED,HIGH,CATEGORY_GENERALIZATION,Selecting and Serving Fresh and Frozen Seafood Safely,https://www.fda.gov/food/buy-store-serve-safe-food/selecting-and-serving-fresh-and-frozen-seafood-safely,Serving: two-hour rule,Never leave seafood out more than 2 hours; 1 hour only above 32 C,Discard after the safety maximum; this is not an endorsed room-temperature storage method.
242,3,77,1,1,2,1.5,AVAILABLE,HIGH,CATEGORY_GENERALIZATION,USDA FSIS FoodKeeper Data,https://catalog.data.gov/dataset/fsis-foodkeeper-data,"FoodKeeper Data English distribution; prior public-mirror locator: ingredients.csv record: Lean fish; cod, flounder, haddock, halibut, sole, etc.","1-2 days refrigerated; FoodKeeper category: Lean fish; cod, flounder, haddock, halibut, sole, etc.",Keep continuously chilled/frozen; use package instructions when more restrictive.
243,3,77,2,180,240,210,AVAILABLE,HIGH,CATEGORY_GENERALIZATION,USDA FSIS FoodKeeper Data,https://catalog.data.gov/dataset/fsis-foodkeeper-data,"FoodKeeper Data English distribution; prior public-mirror locator: ingredients.csv record: Lean fish; cod, flounder, haddock, halibut, sole, etc.","6-8 months frozen; FoodKeeper category: Lean fish; cod, flounder, haddock, halibut, sole, etc.",Keep continuously chilled/frozen; use package instructions when more restrictive.
244,3,78,3,0,0,,NOT_RECOMMENDED,HIGH,CATEGORY_GENERALIZATION,Selecting and Serving Fresh and Frozen Seafood Safely,https://www.fda.gov/food/buy-store-serve-safe-food/selecting-and-serving-fresh-and-frozen-seafood-safely,Serving: two-hour rule,Never leave seafood out more than 2 hours; 1 hour only above 32 C,Discard after the safety maximum; this is not an endorsed room-temperature storage method.
245,3,78,1,1,2,1.5,AVAILABLE,HIGH,CATEGORY_GENERALIZATION,USDA FSIS FoodKeeper Data,https://catalog.data.gov/dataset/fsis-foodkeeper-data,"FoodKeeper Data English distribution; prior public-mirror locator: ingredients.csv record: Lean fish; cod, flounder, haddock, halibut, sole, etc.","1-2 days refrigerated; FoodKeeper category: Lean fish; cod, flounder, haddock, halibut, sole, etc.",Keep continuously chilled/frozen; use package instructions when more restrictive.
246,3,78,2,180,240,210,AVAILABLE,HIGH,CATEGORY_GENERALIZATION,USDA FSIS FoodKeeper Data,https://catalog.data.gov/dataset/fsis-foodkeeper-data,"FoodKeeper Data English distribution; prior public-mirror locator: ingredients.csv record: Lean fish; cod, flounder, haddock, halibut, sole, etc.","6-8 months frozen; FoodKeeper category: Lean fish; cod, flounder, haddock, halibut, sole, etc.",Keep continuously chilled/frozen; use package instructions when more restrictive.
247,3,79,3,0,0,,NOT_RECOMMENDED,HIGH,CATEGORY_GENERALIZATION,Selecting and Serving Fresh and Frozen Seafood Safely,https://www.fda.gov/food/buy-store-serve-safe-food/selecting-and-serving-fresh-and-frozen-seafood-safely,Serving: two-hour rule,Never leave seafood out more than 2 hours; 1 hour only above 32 C,Discard after the safety maximum; this is not an endorsed room-temperature storage method.
248,3,79,1,1,2,1.5,AVAILABLE,HIGH,CATEGORY_GENERALIZATION,USDA FSIS FoodKeeper Data,https://catalog.data.gov/dataset/fsis-foodkeeper-data,"FoodKeeper Data English distribution; prior public-mirror locator: ingredients.csv record: Lean fish; cod, flounder, haddock, halibut, sole, etc.","1-2 days refrigerated; FoodKeeper category: Lean fish; cod, flounder, haddock, halibut, sole, etc.",Keep continuously chilled/frozen; use package instructions when more restrictive.
249,3,79,2,180,240,210,AVAILABLE,HIGH,CATEGORY_GENERALIZATION,USDA FSIS FoodKeeper Data,https://catalog.data.gov/dataset/fsis-foodkeeper-data,"FoodKeeper Data English distribution; prior public-mirror locator: ingredients.csv record: Lean fish; cod, flounder, haddock, halibut, sole, etc.","6-8 months frozen; FoodKeeper category: Lean fish; cod, flounder, haddock, halibut, sole, etc.",Keep continuously chilled/frozen; use package instructions when more restrictive.
250,3,80,3,0,0,,NOT_RECOMMENDED,HIGH,CATEGORY_GENERALIZATION,Selecting and Serving Fresh and Frozen Seafood Safely,https://www.fda.gov/food/buy-store-serve-safe-food/selecting-and-serving-fresh-and-frozen-seafood-safely,Serving: two-hour rule,Never leave seafood out more than 2 hours; 1 hour only above 32 C,Discard after the safety maximum; this is not an endorsed room-temperature storage method.
251,3,80,1,1,2,1.5,AVAILABLE,HIGH,CATEGORY_GENERALIZATION,USDA FSIS FoodKeeper Data,https://catalog.data.gov/dataset/fsis-foodkeeper-data,"FoodKeeper Data English distribution; prior public-mirror locator: ingredients.csv record: Lean fish; cod, flounder, haddock, halibut, sole, etc.","1-2 days refrigerated; FoodKeeper category: Lean fish; cod, flounder, haddock, halibut, sole, etc.",Keep continuously chilled/frozen; use package instructions when more restrictive.
252,3,80,2,180,240,210,AVAILABLE,HIGH,CATEGORY_GENERALIZATION,USDA FSIS FoodKeeper Data,https://catalog.data.gov/dataset/fsis-foodkeeper-data,"FoodKeeper Data English distribution; prior public-mirror locator: ingredients.csv record: Lean fish; cod, flounder, haddock, halibut, sole, etc.","6-8 months frozen; FoodKeeper category: Lean fish; cod, flounder, haddock, halibut, sole, etc.",Keep continuously chilled/frozen; use package instructions when more restrictive.
253,3,81,3,0,0,,NOT_RECOMMENDED,HIGH,CATEGORY_GENERALIZATION,Selecting and Serving Fresh and Frozen Seafood Safely,https://www.fda.gov/food/buy-store-serve-safe-food/selecting-and-serving-fresh-and-frozen-seafood-safely,Serving: two-hour rule,Never leave seafood out more than 2 hours; 1 hour only above 32 C,Discard after the safety maximum; this is not an endorsed room-temperature storage method.
254,3,81,1,1,2,1.5,AVAILABLE,HIGH,CATEGORY_GENERALIZATION,USDA FSIS FoodKeeper Data,https://catalog.data.gov/dataset/fsis-foodkeeper-data,"FoodKeeper Data English distribution; prior public-mirror locator: ingredients.csv record: Fatty fish; catfish, mackerel, mullet, salmon, tuna, etc.","1-2 days refrigerated; FoodKeeper category: Fatty fish; catfish, mackerel, mullet, salmon, tuna, etc.",Keep continuously chilled/frozen; use package instructions when more restrictive.
255,3,81,2,60,90,75,AVAILABLE,HIGH,CATEGORY_GENERALIZATION,USDA FSIS FoodKeeper Data,https://catalog.data.gov/dataset/fsis-foodkeeper-data,"FoodKeeper Data English distribution; prior public-mirror locator: ingredients.csv record: Fatty fish; catfish, mackerel, mullet, salmon, tuna, etc.","2-3 months frozen; FoodKeeper category: Fatty fish; catfish, mackerel, mullet, salmon, tuna, etc.",Keep continuously chilled/frozen; use package instructions when more restrictive.
256,3,82,3,0,0,,NOT_RECOMMENDED,HIGH,CATEGORY_GENERALIZATION,Selecting and Serving Fresh and Frozen Seafood Safely,https://www.fda.gov/food/buy-store-serve-safe-food/selecting-and-serving-fresh-and-frozen-seafood-safely,Serving: two-hour rule,Never leave seafood out more than 2 hours; 1 hour only above 32 C,Discard after the safety maximum; this is not an endorsed room-temperature storage method.
257,3,82,1,1,2,1.5,AVAILABLE,HIGH,CATEGORY_GENERALIZATION,USDA FSIS FoodKeeper Data,https://catalog.data.gov/dataset/fsis-foodkeeper-data,"FoodKeeper Data English distribution; prior public-mirror locator: ingredients.csv record: Fatty fish; catfish, mackerel, mullet, salmon, tuna, etc.","1-2 days refrigerated; FoodKeeper category: Fatty fish; catfish, mackerel, mullet, salmon, tuna, etc.",Keep continuously chilled/frozen; use package instructions when more restrictive.
258,3,82,2,60,90,75,AVAILABLE,HIGH,CATEGORY_GENERALIZATION,USDA FSIS FoodKeeper Data,https://catalog.data.gov/dataset/fsis-foodkeeper-data,"FoodKeeper Data English distribution; prior public-mirror locator: ingredients.csv record: Fatty fish; catfish, mackerel, mullet, salmon, tuna, etc.","2-3 months frozen; FoodKeeper category: Fatty fish; catfish, mackerel, mullet, salmon, tuna, etc.",Keep continuously chilled/frozen; use package instructions when more restrictive.
259,3,83,3,0,0,,NOT_RECOMMENDED,HIGH,CATEGORY_GENERALIZATION,Selecting and Serving Fresh and Frozen Seafood Safely,https://www.fda.gov/food/buy-store-serve-safe-food/selecting-and-serving-fresh-and-frozen-seafood-safely,Serving: two-hour rule,Never leave seafood out more than 2 hours; 1 hour only above 32 C,Discard after the safety maximum; this is not an endorsed room-temperature storage method.
260,3,83,1,1,2,1.5,AVAILABLE,HIGH,CATEGORY_GENERALIZATION,USDA FSIS FoodKeeper Data,https://catalog.data.gov/dataset/fsis-foodkeeper-data,"FoodKeeper Data English distribution; prior public-mirror locator: ingredients.csv record: Lean fish; cod, flounder, haddock, halibut, sole, etc.","1-2 days refrigerated; FoodKeeper category: Lean fish; cod, flounder, haddock, halibut, sole, etc.",Keep continuously chilled/frozen; use package instructions when more restrictive.
261,3,83,2,180,240,210,AVAILABLE,HIGH,CATEGORY_GENERALIZATION,USDA FSIS FoodKeeper Data,https://catalog.data.gov/dataset/fsis-foodkeeper-data,"FoodKeeper Data English distribution; prior public-mirror locator: ingredients.csv record: Lean fish; cod, flounder, haddock, halibut, sole, etc.","6-8 months frozen; FoodKeeper category: Lean fish; cod, flounder, haddock, halibut, sole, etc.",Keep continuously chilled/frozen; use package instructions when more restrictive.
262,3,84,3,0,0,,NOT_RECOMMENDED,HIGH,CATEGORY_GENERALIZATION,Selecting and Serving Fresh and Frozen Seafood Safely,https://www.fda.gov/food/buy-store-serve-safe-food/selecting-and-serving-fresh-and-frozen-seafood-safely,Serving: two-hour rule,Never leave seafood out more than 2 hours; 1 hour only above 32 C,Discard after the safety maximum; this is not an endorsed room-temperature storage method.
263,3,84,1,1,2,1.5,AVAILABLE,HIGH,CATEGORY_GENERALIZATION,USDA FSIS FoodKeeper Data,https://catalog.data.gov/dataset/fsis-foodkeeper-data,"FoodKeeper Data English distribution; prior public-mirror locator: ingredients.csv record: Lean fish; cod, flounder, haddock, halibut, sole, etc.","1-2 days refrigerated; FoodKeeper category: Lean fish; cod, flounder, haddock, halibut, sole, etc.",Keep continuously chilled/frozen; use package instructions when more restrictive.
264,3,84,2,180,240,210,AVAILABLE,HIGH,CATEGORY_GENERALIZATION,USDA FSIS FoodKeeper Data,https://catalog.data.gov/dataset/fsis-foodkeeper-data,"FoodKeeper Data English distribution; prior public-mirror locator: ingredients.csv record: Lean fish; cod, flounder, haddock, halibut, sole, etc.","6-8 months frozen; FoodKeeper category: Lean fish; cod, flounder, haddock, halibut, sole, etc.",Keep continuously chilled/frozen; use package instructions when more restrictive.
265,3,85,3,0,0,,NOT_RECOMMENDED,HIGH,CATEGORY_GENERALIZATION,Selecting and Serving Fresh and Frozen Seafood Safely,https://www.fda.gov/food/buy-store-serve-safe-food/selecting-and-serving-fresh-and-frozen-seafood-safely,Serving: two-hour rule,Never leave seafood out more than 2 hours; 1 hour only above 32 C,Discard after the safety maximum; this is not an endorsed room-temperature storage method.
266,3,85,1,1,2,1.5,AVAILABLE,HIGH,CATEGORY_GENERALIZATION,USDA FSIS FoodKeeper Data,https://catalog.data.gov/dataset/fsis-foodkeeper-data,"FoodKeeper Data English distribution; prior public-mirror locator: ingredients.csv record: Lean fish; cod, flounder, haddock, halibut, sole, etc.","1-2 days refrigerated; FoodKeeper category: Lean fish; cod, flounder, haddock, halibut, sole, etc.",Keep continuously chilled/frozen; use package instructions when more restrictive.
267,3,85,2,180,240,210,AVAILABLE,HIGH,CATEGORY_GENERALIZATION,USDA FSIS FoodKeeper Data,https://catalog.data.gov/dataset/fsis-foodkeeper-data,"FoodKeeper Data English distribution; prior public-mirror locator: ingredients.csv record: Lean fish; cod, flounder, haddock, halibut, sole, etc.","6-8 months frozen; FoodKeeper category: Lean fish; cod, flounder, haddock, halibut, sole, etc.",Keep continuously chilled/frozen; use package instructions when more restrictive.
268,3,86,3,0,0,,NOT_RECOMMENDED,HIGH,CATEGORY_GENERALIZATION,Selecting and Serving Fresh and Frozen Seafood Safely,https://www.fda.gov/food/buy-store-serve-safe-food/selecting-and-serving-fresh-and-frozen-seafood-safely,Serving: two-hour rule,Never leave seafood out more than 2 hours; 1 hour only above 32 C,Discard after the safety maximum; this is not an endorsed room-temperature storage method.
269,3,86,1,1,2,1.5,AVAILABLE,HIGH,CATEGORY_GENERALIZATION,USDA FSIS FoodKeeper Data,https://catalog.data.gov/dataset/fsis-foodkeeper-data,"FoodKeeper Data English distribution; prior public-mirror locator: ingredients.csv record: Fatty fish; catfish, mackerel, mullet, salmon, tuna, etc.","1-2 days refrigerated; FoodKeeper category: Fatty fish; catfish, mackerel, mullet, salmon, tuna, etc.",Keep continuously chilled/frozen; use package instructions when more restrictive.
270,3,86,2,60,90,75,AVAILABLE,HIGH,CATEGORY_GENERALIZATION,USDA FSIS FoodKeeper Data,https://catalog.data.gov/dataset/fsis-foodkeeper-data,"FoodKeeper Data English distribution; prior public-mirror locator: ingredients.csv record: Fatty fish; catfish, mackerel, mullet, salmon, tuna, etc.","2-3 months frozen; FoodKeeper category: Fatty fish; catfish, mackerel, mullet, salmon, tuna, etc.",Keep continuously chilled/frozen; use package instructions when more restrictive.
271,3,87,3,0,0,,NOT_RECOMMENDED,HIGH,CATEGORY_GENERALIZATION,Selecting and Serving Fresh and Frozen Seafood Safely,https://www.fda.gov/food/buy-store-serve-safe-food/selecting-and-serving-fresh-and-frozen-seafood-safely,Serving: two-hour rule,Never leave seafood out more than 2 hours; 1 hour only above 32 C,Discard after the safety maximum; this is not an endorsed room-temperature storage method.
272,3,87,1,1,3,2,AVAILABLE,HIGH,CATEGORY_GENERALIZATION,USDA FSIS FoodKeeper Data,https://catalog.data.gov/dataset/fsis-foodkeeper-data,"FoodKeeper Data English distribution; prior public-mirror locator: ingredients.csv record: Shrimp, crayfish","1-3 days refrigerated; FoodKeeper category: Shrimp, crayfish",Keep continuously chilled/frozen; use package instructions when more restrictive.
273,3,87,2,180,540,360,AVAILABLE,HIGH,CATEGORY_GENERALIZATION,USDA FSIS FoodKeeper Data,https://catalog.data.gov/dataset/fsis-foodkeeper-data,"FoodKeeper Data English distribution; prior public-mirror locator: ingredients.csv record: Shrimp, crayfish","6-18 months frozen; FoodKeeper category: Shrimp, crayfish",Keep continuously chilled/frozen; use package instructions when more restrictive.
274,3,88,3,0,0,,NOT_RECOMMENDED,HIGH,CATEGORY_GENERALIZATION,Selecting and Serving Fresh and Frozen Seafood Safely,https://www.fda.gov/food/buy-store-serve-safe-food/selecting-and-serving-fresh-and-frozen-seafood-safely,Serving: two-hour rule,Never leave seafood out more than 2 hours; 1 hour only above 32 C,Discard after the safety maximum; this is not an endorsed room-temperature storage method.
275,3,88,1,1,3,2,AVAILABLE,HIGH,CATEGORY_GENERALIZATION,USDA FSIS FoodKeeper Data,https://catalog.data.gov/dataset/fsis-foodkeeper-data,"FoodKeeper Data English distribution; prior public-mirror locator: ingredients.csv record: Shrimp, crayfish","1-3 days refrigerated; FoodKeeper category: Shrimp, crayfish",Keep continuously chilled/frozen; use package instructions when more restrictive.
276,3,88,2,180,540,360,AVAILABLE,HIGH,CATEGORY_GENERALIZATION,USDA FSIS FoodKeeper Data,https://catalog.data.gov/dataset/fsis-foodkeeper-data,"FoodKeeper Data English distribution; prior public-mirror locator: ingredients.csv record: Shrimp, crayfish","6-18 months frozen; FoodKeeper category: Shrimp, crayfish",Keep continuously chilled/frozen; use package instructions when more restrictive.
277,3,89,3,0,0,,NOT_RECOMMENDED,HIGH,CATEGORY_GENERALIZATION,Selecting and Serving Fresh and Frozen Seafood Safely,https://www.fda.gov/food/buy-store-serve-safe-food/selecting-and-serving-fresh-and-frozen-seafood-safely,Serving: two-hour rule,Never leave seafood out more than 2 hours; 1 hour only above 32 C,Discard after the safety maximum; this is not an endorsed room-temperature storage method.
278,3,89,1,1,3,2,AVAILABLE,HIGH,CATEGORY_GENERALIZATION,USDA FSIS FoodKeeper Data,https://catalog.data.gov/dataset/fsis-foodkeeper-data,"FoodKeeper Data English distribution; prior public-mirror locator: ingredients.csv record: Shrimp, crayfish","1-3 days refrigerated; FoodKeeper category: Shrimp, crayfish",Keep continuously chilled/frozen; use package instructions when more restrictive.
279,3,89,2,180,540,360,AVAILABLE,HIGH,CATEGORY_GENERALIZATION,USDA FSIS FoodKeeper Data,https://catalog.data.gov/dataset/fsis-foodkeeper-data,"FoodKeeper Data English distribution; prior public-mirror locator: ingredients.csv record: Shrimp, crayfish","6-18 months frozen; FoodKeeper category: Shrimp, crayfish",Keep continuously chilled/frozen; use package instructions when more restrictive.
280,3,90,3,0,0,,NOT_RECOMMENDED,HIGH,CATEGORY_GENERALIZATION,Selecting and Serving Fresh and Frozen Seafood Safely,https://www.fda.gov/food/buy-store-serve-safe-food/selecting-and-serving-fresh-and-frozen-seafood-safely,Serving: two-hour rule,Never leave seafood out more than 2 hours; 1 hour only above 32 C,Discard after the safety maximum; this is not an endorsed room-temperature storage method.
281,3,90,1,1,3,2,AVAILABLE,HIGH,CATEGORY_GENERALIZATION,USDA FSIS FoodKeeper Data,https://catalog.data.gov/dataset/fsis-foodkeeper-data,FoodKeeper Data English distribution; prior public-mirror locator: ingredients.csv record: Fresh crab meat,1-3 days refrigerated; FoodKeeper category: Fresh crab meat,Keep continuously chilled/frozen; use package instructions when more restrictive.
282,3,90,2,60,120,90,AVAILABLE,HIGH,CATEGORY_GENERALIZATION,USDA FSIS FoodKeeper Data,https://catalog.data.gov/dataset/fsis-foodkeeper-data,FoodKeeper Data English distribution; prior public-mirror locator: ingredients.csv record: Fresh crab meat,2-4 months frozen; FoodKeeper category: Fresh crab meat,Keep continuously chilled/frozen; use package instructions when more restrictive.
283,3,91,3,0,0,,NOT_RECOMMENDED,HIGH,CATEGORY_GENERALIZATION,Selecting and Serving Fresh and Frozen Seafood Safely,https://www.fda.gov/food/buy-store-serve-safe-food/selecting-and-serving-fresh-and-frozen-seafood-safely,Serving: two-hour rule,Never leave seafood out more than 2 hours; 1 hour only above 32 C,Discard after the safety maximum; this is not an endorsed room-temperature storage method.
284,3,91,1,1,3,2,AVAILABLE,HIGH,CATEGORY_GENERALIZATION,USDA FSIS FoodKeeper Data,https://catalog.data.gov/dataset/fsis-foodkeeper-data,FoodKeeper Data English distribution; prior public-mirror locator: ingredients.csv record: Fresh crab meat,1-3 days refrigerated; FoodKeeper category: Fresh crab meat,Keep continuously chilled/frozen; use package instructions when more restrictive.
285,3,91,2,60,120,90,AVAILABLE,HIGH,CATEGORY_GENERALIZATION,USDA FSIS FoodKeeper Data,https://catalog.data.gov/dataset/fsis-foodkeeper-data,FoodKeeper Data English distribution; prior public-mirror locator: ingredients.csv record: Fresh crab meat,2-4 months frozen; FoodKeeper category: Fresh crab meat,Keep continuously chilled/frozen; use package instructions when more restrictive.
286,3,92,3,0,0,,NOT_RECOMMENDED,HIGH,CATEGORY_GENERALIZATION,Selecting and Serving Fresh and Frozen Seafood Safely,https://www.fda.gov/food/buy-store-serve-safe-food/selecting-and-serving-fresh-and-frozen-seafood-safely,Serving: two-hour rule,Never leave seafood out more than 2 hours; 1 hour only above 32 C,Discard after the safety maximum; this is not an endorsed room-temperature storage method.
287,3,92,1,1,1,1,AVAILABLE,HIGH,CATEGORY_GENERALIZATION,USDA FSIS FoodKeeper Data,https://catalog.data.gov/dataset/fsis-foodkeeper-data,"FoodKeeper Data English distribution; prior public-mirror locator: ingredients.csv record: Fresh whole lobster, live; freezing not recommended","1-1 days refrigerated; FoodKeeper category: Fresh whole lobster, live; freezing not recommended",Keep continuously chilled/frozen; use package instructions when more restrictive.
288,3,92,2,0,0,,NOT_RECOMMENDED,HIGH,CATEGORY_GENERALIZATION,USDA FSIS FoodKeeper Data,https://catalog.data.gov/dataset/fsis-foodkeeper-data,"FoodKeeper Data English distribution; prior public-mirror locator: ingredients.csv record: Fresh whole lobster, live; freezing not recommended",Freezing not recommended for the specified fresh/live state,Keep continuously chilled/frozen; use package instructions when more restrictive.
289,3,93,3,0,0,,NOT_RECOMMENDED,HIGH,CATEGORY_GENERALIZATION,Selecting and Serving Fresh and Frozen Seafood Safely,https://www.fda.gov/food/buy-store-serve-safe-food/selecting-and-serving-fresh-and-frozen-seafood-safely,Serving: two-hour rule,Never leave seafood out more than 2 hours; 1 hour only above 32 C,Discard after the safety maximum; this is not an endorsed room-temperature storage method.
290,3,93,1,1,3,2,AVAILABLE,HIGH,CATEGORY_GENERALIZATION,USDA FSIS FoodKeeper Data,https://catalog.data.gov/dataset/fsis-foodkeeper-data,FoodKeeper Data English distribution; prior public-mirror locator: ingredients.csv record: Squid,1-3 days refrigerated; FoodKeeper category: Squid,Keep continuously chilled/frozen; use package instructions when more restrictive.
291,3,93,2,180,540,360,AVAILABLE,HIGH,CATEGORY_GENERALIZATION,USDA FSIS FoodKeeper Data,https://catalog.data.gov/dataset/fsis-foodkeeper-data,FoodKeeper Data English distribution; prior public-mirror locator: ingredients.csv record: Squid,6-18 months frozen; FoodKeeper category: Squid,Keep continuously chilled/frozen; use package instructions when more restrictive.
292,3,94,3,0,0,,NOT_RECOMMENDED,HIGH,CATEGORY_GENERALIZATION,Selecting and Serving Fresh and Frozen Seafood Safely,https://www.fda.gov/food/buy-store-serve-safe-food/selecting-and-serving-fresh-and-frozen-seafood-safely,Serving: two-hour rule,Never leave seafood out more than 2 hours; 1 hour only above 32 C,Discard after the safety maximum; this is not an endorsed room-temperature storage method.
293,3,94,1,1,3,2,AVAILABLE,HIGH,CATEGORY_GENERALIZATION,USDA FSIS FoodKeeper Data,https://catalog.data.gov/dataset/fsis-foodkeeper-data,FoodKeeper Data English distribution; prior public-mirror locator: ingredients.csv record: Squid,1-3 days refrigerated; FoodKeeper category: Squid,Keep continuously chilled/frozen; use package instructions when more restrictive.
294,3,94,2,180,540,360,AVAILABLE,HIGH,CATEGORY_GENERALIZATION,USDA FSIS FoodKeeper Data,https://catalog.data.gov/dataset/fsis-foodkeeper-data,FoodKeeper Data English distribution; prior public-mirror locator: ingredients.csv record: Squid,6-18 months frozen; FoodKeeper category: Squid,Keep continuously chilled/frozen; use package instructions when more restrictive.
295,3,95,3,0,0,,NOT_RECOMMENDED,HIGH,CATEGORY_GENERALIZATION,Selecting and Serving Fresh and Frozen Seafood Safely,https://www.fda.gov/food/buy-store-serve-safe-food/selecting-and-serving-fresh-and-frozen-seafood-safely,Serving: two-hour rule,Never leave seafood out more than 2 hours; 1 hour only above 32 C,Discard after the safety maximum; this is not an endorsed room-temperature storage method.
296,3,95,1,1,3,2,AVAILABLE,HIGH,CATEGORY_GENERALIZATION,USDA FSIS FoodKeeper Data,https://catalog.data.gov/dataset/fsis-foodkeeper-data,FoodKeeper Data English distribution; prior public-mirror locator: ingredients.csv record: Squid,1-3 days refrigerated; FoodKeeper category: Squid,Keep continuously chilled/frozen; use package instructions when more restrictive.
297,3,95,2,180,540,360,AVAILABLE,HIGH,CATEGORY_GENERALIZATION,USDA FSIS FoodKeeper Data,https://catalog.data.gov/dataset/fsis-foodkeeper-data,FoodKeeper Data English distribution; prior public-mirror locator: ingredients.csv record: Squid,6-18 months frozen; FoodKeeper category: Squid,Keep continuously chilled/frozen; use package instructions when more restrictive.
298,3,96,3,0,0,,NOT_RECOMMENDED,HIGH,CATEGORY_GENERALIZATION,Selecting and Serving Fresh and Frozen Seafood Safely,https://www.fda.gov/food/buy-store-serve-safe-food/selecting-and-serving-fresh-and-frozen-seafood-safely,Serving: two-hour rule,Never leave seafood out more than 2 hours; 1 hour only above 32 C,Discard after the safety maximum; this is not an endorsed room-temperature storage method.
299,3,96,1,5,10,7.5,AVAILABLE,HIGH,CATEGORY_GENERALIZATION,USDA FSIS FoodKeeper Data,https://catalog.data.gov/dataset/fsis-foodkeeper-data,"FoodKeeper Data English distribution; prior public-mirror locator: ingredients.csv record: Fresh clams, mussels, oysters; freezing not recommended","5-10 days refrigerated; FoodKeeper category: Fresh clams, mussels, oysters; freezing not recommended",Keep continuously chilled/frozen; use package instructions when more restrictive.
300,3,96,2,0,0,,NOT_RECOMMENDED,HIGH,CATEGORY_GENERALIZATION,USDA FSIS FoodKeeper Data,https://catalog.data.gov/dataset/fsis-foodkeeper-data,"FoodKeeper Data English distribution; prior public-mirror locator: ingredients.csv record: Fresh clams, mussels, oysters; freezing not recommended",Freezing not recommended for the specified fresh/live state,Keep continuously chilled/frozen; use package instructions when more restrictive.
301,3,97,3,0,0,,NOT_RECOMMENDED,HIGH,CATEGORY_GENERALIZATION,Selecting and Serving Fresh and Frozen Seafood Safely,https://www.fda.gov/food/buy-store-serve-safe-food/selecting-and-serving-fresh-and-frozen-seafood-safely,Serving: two-hour rule,Never leave seafood out more than 2 hours; 1 hour only above 32 C,Discard after the safety maximum; this is not an endorsed room-temperature storage method.
302,3,97,1,5,10,7.5,AVAILABLE,HIGH,CATEGORY_GENERALIZATION,USDA FSIS FoodKeeper Data,https://catalog.data.gov/dataset/fsis-foodkeeper-data,"FoodKeeper Data English distribution; prior public-mirror locator: ingredients.csv record: Fresh clams, mussels, oysters; freezing not recommended","5-10 days refrigerated; FoodKeeper category: Fresh clams, mussels, oysters; freezing not recommended",Keep continuously chilled/frozen; use package instructions when more restrictive.
303,3,97,2,0,0,,NOT_RECOMMENDED,HIGH,CATEGORY_GENERALIZATION,USDA FSIS FoodKeeper Data,https://catalog.data.gov/dataset/fsis-foodkeeper-data,"FoodKeeper Data English distribution; prior public-mirror locator: ingredients.csv record: Fresh clams, mussels, oysters; freezing not recommended",Freezing not recommended for the specified fresh/live state,Keep continuously chilled/frozen; use package instructions when more restrictive.
304,3,98,3,0,0,,NOT_RECOMMENDED,HIGH,CATEGORY_GENERALIZATION,Selecting and Serving Fresh and Frozen Seafood Safely,https://www.fda.gov/food/buy-store-serve-safe-food/selecting-and-serving-fresh-and-frozen-seafood-safely,Serving: two-hour rule,Never leave seafood out more than 2 hours; 1 hour only above 32 C,Discard after the safety maximum; this is not an endorsed room-temperature storage method.
305,3,98,1,5,10,7.5,AVAILABLE,HIGH,CATEGORY_GENERALIZATION,USDA FSIS FoodKeeper Data,https://catalog.data.gov/dataset/fsis-foodkeeper-data,"FoodKeeper Data English distribution; prior public-mirror locator: ingredients.csv record: Fresh clams, mussels, oysters; freezing not recommended","5-10 days refrigerated; FoodKeeper category: Fresh clams, mussels, oysters; freezing not recommended",Keep continuously chilled/frozen; use package instructions when more restrictive.
306,3,98,2,0,0,,NOT_RECOMMENDED,HIGH,CATEGORY_GENERALIZATION,USDA FSIS FoodKeeper Data,https://catalog.data.gov/dataset/fsis-foodkeeper-data,"FoodKeeper Data English distribution; prior public-mirror locator: ingredients.csv record: Fresh clams, mussels, oysters; freezing not recommended",Freezing not recommended for the specified fresh/live state,Keep continuously chilled/frozen; use package instructions when more restrictive.
307,3,99,3,0,0,,NOT_RECOMMENDED,HIGH,CATEGORY_GENERALIZATION,Selecting and Serving Fresh and Frozen Seafood Safely,https://www.fda.gov/food/buy-store-serve-safe-food/selecting-and-serving-fresh-and-frozen-seafood-safely,Serving: two-hour rule,Never leave seafood out more than 2 hours; 1 hour only above 32 C,Discard after the safety maximum; this is not an endorsed room-temperature storage method.
308,3,99,1,5,10,7.5,AVAILABLE,HIGH,CATEGORY_GENERALIZATION,USDA FSIS FoodKeeper Data,https://catalog.data.gov/dataset/fsis-foodkeeper-data,"FoodKeeper Data English distribution; prior public-mirror locator: ingredients.csv record: Fresh clams, mussels, oysters; freezing not recommended","5-10 days refrigerated; FoodKeeper category: Fresh clams, mussels, oysters; freezing not recommended",Keep continuously chilled/frozen; use package instructions when more restrictive.
309,3,99,2,0,0,,NOT_RECOMMENDED,HIGH,CATEGORY_GENERALIZATION,USDA FSIS FoodKeeper Data,https://catalog.data.gov/dataset/fsis-foodkeeper-data,"FoodKeeper Data English distribution; prior public-mirror locator: ingredients.csv record: Fresh clams, mussels, oysters; freezing not recommended",Freezing not recommended for the specified fresh/live state,Keep continuously chilled/frozen; use package instructions when more restrictive.
310,3,100,3,0,0,,NOT_RECOMMENDED,HIGH,CATEGORY_GENERALIZATION,Selecting and Serving Fresh and Frozen Seafood Safely,https://www.fda.gov/food/buy-store-serve-safe-food/selecting-and-serving-fresh-and-frozen-seafood-safely,Serving: two-hour rule,Never leave seafood out more than 2 hours; 1 hour only above 32 C,Discard after the safety maximum; this is not an endorsed room-temperature storage method.
311,3,100,1,3,10,6.5,AVAILABLE,HIGH,CATEGORY_GENERALIZATION,USDA FSIS FoodKeeper Data,https://catalog.data.gov/dataset/fsis-foodkeeper-data,"FoodKeeper Data English distribution; prior public-mirror locator: ingredients.csv record: Shucked clams, mussels, and oysters","3-10 days refrigerated; FoodKeeper category: Shucked clams, mussels, and oysters",Keep continuously chilled/frozen; use package instructions when more restrictive.
312,3,100,2,90,120,105,AVAILABLE,HIGH,CATEGORY_GENERALIZATION,USDA FSIS FoodKeeper Data,https://catalog.data.gov/dataset/fsis-foodkeeper-data,"FoodKeeper Data English distribution; prior public-mirror locator: ingredients.csv record: Shucked clams, mussels, and oysters","3-4 months frozen; FoodKeeper category: Shucked clams, mussels, and oysters",Keep continuously chilled/frozen; use package instructions when more restrictive.
313,4,101,1,3,5,4,AVAILABLE,MEDIUM,PRODUCT_SPECIFIC_TEMPERATURE_LIMITED,UC Davis Produce Fact Sheet: Water Spinach,https://postharvest.ucdavis.edu/produce-facts-sheets/spinach,Postharvest Handling and Storage section for Water Spinach. Published storage temperature can differ from the schema's 0-4 C fridge profile; see handling note. Supplied source label: MARDI Postharvest Quality Manual / Department of Agriculture Malaysia (D,3-5 days,Published optimum temperature may differ from the schema FRIDGE profile (0-4 C); retain this limitation and inspect product quality.
314,4,101,2,240,300,270,AVAILABLE,HIGH,CATEGORY_GENERALIZATION,"National Center for Home Food Preservation, frozen-food storage guidance",https://nchfp.uga.edu/how/freeze/freeze-general-information/how-long-can-i-store-frozen-foods/,General frozen fruits and vegetables guidance: 8-12 months at 0 F (-18 C); freezing duration is quality guidance and typically assumes appropriate preparation/blanching. Supplied source label: Singapore Food Agency (SFA) / USDA FoodKeeper,240-300 days,
315,4,101,3,1,2,1.5,AVAILABLE,MEDIUM,PRODUCT_SPECIFIC_TEMPERATURE_LIMITED,UC Davis Produce Fact Sheet: Water Spinach,https://postharvest.ucdavis.edu/produce-facts-sheets/spinach,Postharvest Handling and Storage section for Water Spinach. Published storage temperature can differ from the schema's 0-4 C fridge profile; see handling note. Supplied source label: MARDI Postharvest Quality Manual / DOA Malaysia,1-2 days,Published optimum temperature may differ from the schema FRIDGE profile (0-4 C); retain this limitation and inspect product quality.
316,4,102,1,2,3,2.5,AVAILABLE,HIGH,PRODUCT_SPECIFIC,USDA FoodKeeper open dataset,https://catalog.data.gov/dataset/fsis-foodkeeper-data,FoodKeeper row: Bok choy — (no subtitle); Official XLS: https://www.fsis.usda.gov/shared/data/EN/FoodKeeper-Data.xls; structured review CSV: https://raw.githubusercontent.com/jelera/food-shelflife-db/master/lib/seeds/ingredients.csv,2-3 Days refrigerated; normalized to 2-3 days,FoodKeeper value normalized to days (1 week = 7 days; 1 month = 30 days). Product catalogue name retained unchanged.
317,4,102,2,300,360,330,AVAILABLE,HIGH,PRODUCT_SPECIFIC,USDA FoodKeeper open dataset,https://catalog.data.gov/dataset/fsis-foodkeeper-data,FoodKeeper row: Bok choy — (no subtitle); Official XLS: https://www.fsis.usda.gov/shared/data/EN/FoodKeeper-Data.xls; structured review CSV: https://raw.githubusercontent.com/jelera/food-shelflife-db/master/lib/seeds/ingredients.csv,10-12 Months frozen; normalized to 300-360 days,FoodKeeper value normalized to days (1 week = 7 days; 1 month = 30 days). Product catalogue name retained unchanged.
318,4,102,3,1,2,1.5,AVAILABLE,MEDIUM,PRODUCT_SPECIFIC_TEMPERATURE_LIMITED,UC Davis Produce Fact Sheet: Bok Choy,https://postharvest.ucdavis.edu/produce-facts-sheets/bok-choy-pak-choi-pok-choi,Postharvest Handling and Storage section for Bok Choy. Published storage temperature can differ from the schema's 0-4 C fridge profile; see handling note. Supplied source label: Singapore Food Agency (SFA) / DOA Malaysia,1-2 days,Published optimum temperature may differ from the schema FRIDGE profile (0-4 C); retain this limitation and inspect product quality.
319,4,103,1,4,6,5,AVAILABLE,MEDIUM,INSTITUTIONAL_GUIDANCE_LIMITED,"Department of Agriculture Malaysia, Food Processing Technology",https://epengembangan.doa.gov.my/en/industri-asas-tani-iat/teknologi-pemprosesan-makanan/,Department of Agriculture Malaysia food processing/cold storage guidance. Exact numeric table row was not supplied with the source label. Supplied source label: Singapore Food Agency (SFA) / Department of Agriculture Malaysia (DOA),4-6 days,
320,4,103,2,240,300,270,AVAILABLE,HIGH,CATEGORY_GENERALIZATION,"National Center for Home Food Preservation, frozen-food storage guidance",https://nchfp.uga.edu/how/freeze/freeze-general-information/how-long-can-i-store-frozen-foods/,General frozen fruits and vegetables guidance: 8-12 months at 0 F (-18 C); freezing duration is quality guidance and typically assumes appropriate preparation/blanching. Supplied source label: USDA FoodKeeper / UC Davis Postharvest Technology Center,240-300 days,
321,4,103,3,1,2,1.5,AVAILABLE,MEDIUM,INSTITUTIONAL_GUIDANCE_LIMITED,"Department of Agriculture Malaysia, Food Processing Technology",https://epengembangan.doa.gov.my/en/industri-asas-tani-iat/teknologi-pemprosesan-makanan/,Department of Agriculture Malaysia food processing/cold storage guidance. Exact numeric table row was not supplied with the source label. Supplied source label: Department of Agriculture Malaysia (DOA) Lepas Tuai Sayur,1-2 days,
322,4,104,1,5,7,6,AVAILABLE,MEDIUM,INSTITUTIONAL_GUIDANCE_LIMITED,"Department of Agriculture Malaysia, Food Processing Technology",https://epengembangan.doa.gov.my/en/industri-asas-tani-iat/teknologi-pemprosesan-makanan/,Department of Agriculture Malaysia food processing/cold storage guidance. Exact numeric table row was not supplied with the source label. Supplied source label: Singapore Food Agency (SFA) / DOA Malaysia,5-7 days,
323,4,104,2,300,365,332.5,AVAILABLE,HIGH,CATEGORY_GENERALIZATION,"National Center for Home Food Preservation, frozen-food storage guidance",https://nchfp.uga.edu/how/freeze/freeze-general-information/how-long-can-i-store-frozen-foods/,General frozen fruits and vegetables guidance: 8-12 months at 0 F (-18 C); freezing duration is quality guidance and typically assumes appropriate preparation/blanching. Supplied source label: USDA FoodKeeper / UC Davis Postharvest Technology Center,300-365 days,
324,4,104,3,1,2,1.5,AVAILABLE,MEDIUM,INSTITUTIONAL_GUIDANCE_LIMITED,"Department of Agriculture Malaysia, Food Processing Technology",https://epengembangan.doa.gov.my/en/industri-asas-tani-iat/teknologi-pemprosesan-makanan/,Department of Agriculture Malaysia food processing/cold storage guidance. Exact numeric table row was not supplied with the source label. Supplied source label: Department of Agriculture Malaysia (DOA),1-2 days,
325,4,105,1,3,5,4,AVAILABLE,MEDIUM,INSTITUTIONAL_GUIDANCE_LIMITED,"Malaysian Agricultural Research and Development Institute (MARDI), Technology and Horticulture",https://fms.mardi.gov.my/en/penyelidikan/horticulture.html,"MARDI post-harvest handling, storage and cold-chain technology page. Exact numeric table row was not supplied with the source label. Supplied source label: MARDI Research Bulletin / DOA Malaysia",3-5 days,
326,4,105,2,240,300,270,AVAILABLE,HIGH,CATEGORY_GENERALIZATION,"National Center for Home Food Preservation, frozen-food storage guidance",https://nchfp.uga.edu/how/freeze/freeze-general-information/how-long-can-i-store-frozen-foods/,General frozen fruits and vegetables guidance: 8-12 months at 0 F (-18 C); freezing duration is quality guidance and typically assumes appropriate preparation/blanching. Supplied source label: USDA FoodKeeper / FAO Post-harvest Compendium,240-300 days,
327,4,105,3,1,2,1.5,AVAILABLE,MEDIUM,INSTITUTIONAL_GUIDANCE_LIMITED,"Malaysian Agricultural Research and Development Institute (MARDI), Technology and Horticulture",https://fms.mardi.gov.my/en/penyelidikan/horticulture.html,"MARDI post-harvest handling, storage and cold-chain technology page. Exact numeric table row was not supplied with the source label. Supplied source label: MARDI Research Bulletin / DOA Malaysia",1-2 days,
328,4,106,1,2,4,3,AVAILABLE,MEDIUM,INSTITUTIONAL_GUIDANCE_LIMITED,"Malaysian Agricultural Research and Development Institute (MARDI), Technology and Horticulture",https://fms.mardi.gov.my/en/penyelidikan/horticulture.html,"MARDI post-harvest handling, storage and cold-chain technology page. Exact numeric table row was not supplied with the source label. Supplied source label: MARDI Postharvest Handling Guidelines / DOA Malaysia",2-4 days,
329,4,106,2,180,240,210,AVAILABLE,HIGH,CATEGORY_GENERALIZATION,"National Center for Home Food Preservation, frozen-food storage guidance",https://nchfp.uga.edu/how/freeze/freeze-general-information/how-long-can-i-store-frozen-foods/,General frozen fruits and vegetables guidance: 8-12 months at 0 F (-18 C); freezing duration is quality guidance and typically assumes appropriate preparation/blanching. Supplied source label: MARDI Food Technology Center / UMaine Extension,180-240 days,
330,4,106,3,1,1,1,AVAILABLE,MEDIUM,INSTITUTIONAL_GUIDANCE_LIMITED,"Malaysian Agricultural Research and Development Institute (MARDI), Technology and Horticulture",https://fms.mardi.gov.my/en/penyelidikan/horticulture.html,"MARDI post-harvest handling, storage and cold-chain technology page. Exact numeric table row was not supplied with the source label. Supplied source label: MARDI Postharvest Handling Guidelines",1-1 days,
331,4,107,1,4,6,5,AVAILABLE,MEDIUM,INSTITUTIONAL_GUIDANCE_LIMITED,"Malaysian Agricultural Research and Development Institute (MARDI), Technology and Horticulture",https://fms.mardi.gov.my/en/penyelidikan/horticulture.html,"MARDI post-harvest handling, storage and cold-chain technology page. Exact numeric table row was not supplied with the source label. Supplied source label: MARDI Postharvest Quality Manual / DOA Malaysia",4-6 days,
332,4,107,2,180,240,210,AVAILABLE,HIGH,CATEGORY_GENERALIZATION,"National Center for Home Food Preservation, frozen-food storage guidance",https://nchfp.uga.edu/how/freeze/freeze-general-information/how-long-can-i-store-frozen-foods/,General frozen fruits and vegetables guidance: 8-12 months at 0 F (-18 C); freezing duration is quality guidance and typically assumes appropriate preparation/blanching. Supplied source label: MARDI Food Processing Division / FAO,180-240 days,
333,4,107,3,1,2,1.5,AVAILABLE,MEDIUM,INSTITUTIONAL_GUIDANCE_LIMITED,"Malaysian Agricultural Research and Development Institute (MARDI), Technology and Horticulture",https://fms.mardi.gov.my/en/penyelidikan/horticulture.html,"MARDI post-harvest handling, storage and cold-chain technology page. Exact numeric table row was not supplied with the source label. Supplied source label: MARDI Postharvest Quality Manual",1-2 days,
334,4,108,1,7,14,10.5,AVAILABLE,HIGH,PRODUCT_SPECIFIC,USDA FoodKeeper open dataset,https://catalog.data.gov/dataset/fsis-foodkeeper-data,FoodKeeper row: Cabbage — (no subtitle); Official XLS: https://www.fsis.usda.gov/shared/data/EN/FoodKeeper-Data.xls; structured review CSV: https://raw.githubusercontent.com/jelera/food-shelflife-db/master/lib/seeds/ingredients.csv,1-2 Weeks refrigerated; normalized to 7-14 days,FoodKeeper value normalized to days (1 week = 7 days; 1 month = 30 days). Product catalogue name retained unchanged.
335,4,108,2,300,360,330,AVAILABLE,HIGH,PRODUCT_SPECIFIC,USDA FoodKeeper open dataset,https://catalog.data.gov/dataset/fsis-foodkeeper-data,FoodKeeper row: Cabbage — (no subtitle); Official XLS: https://www.fsis.usda.gov/shared/data/EN/FoodKeeper-Data.xls; structured review CSV: https://raw.githubusercontent.com/jelera/food-shelflife-db/master/lib/seeds/ingredients.csv,10-12 Months frozen; normalized to 300-360 days,FoodKeeper value normalized to days (1 week = 7 days; 1 month = 30 days). Product catalogue name retained unchanged.
336,4,108,3,7,14,10.5,AVAILABLE,MEDIUM,PRODUCT_SPECIFIC_TEMPERATURE_LIMITED,UC Davis Produce Fact Sheet: Round Cabbage,https://postharvest.ucdavis.edu/produce-facts-sheets/cabbage,Postharvest Handling and Storage section for Round Cabbage. Published storage temperature can differ from the schema's 0-4 C fridge profile; see handling note. Supplied source label: DOA Malaysia / SFA Food Storage Guidelines,7-14 days,Published optimum temperature may differ from the schema FRIDGE profile (0-4 C); retain this limitation and inspect product quality.
337,4,109,1,7,14,10.5,AVAILABLE,HIGH,PRODUCT_SPECIFIC,USDA FoodKeeper open dataset,https://catalog.data.gov/dataset/fsis-foodkeeper-data,FoodKeeper row: Cabbage — (no subtitle); Official XLS: https://www.fsis.usda.gov/shared/data/EN/FoodKeeper-Data.xls; structured review CSV: https://raw.githubusercontent.com/jelera/food-shelflife-db/master/lib/seeds/ingredients.csv,1-2 Weeks refrigerated; normalized to 7-14 days,FoodKeeper value normalized to days (1 week = 7 days; 1 month = 30 days). Product catalogue name retained unchanged.
338,4,109,2,300,360,330,AVAILABLE,HIGH,PRODUCT_SPECIFIC,USDA FoodKeeper open dataset,https://catalog.data.gov/dataset/fsis-foodkeeper-data,FoodKeeper row: Cabbage — (no subtitle); Official XLS: https://www.fsis.usda.gov/shared/data/EN/FoodKeeper-Data.xls; structured review CSV: https://raw.githubusercontent.com/jelera/food-shelflife-db/master/lib/seeds/ingredients.csv,10-12 Months frozen; normalized to 300-360 days,FoodKeeper value normalized to days (1 week = 7 days; 1 month = 30 days). Product catalogue name retained unchanged.
339,4,109,3,3,5,4,AVAILABLE,MEDIUM,PRODUCT_SPECIFIC_TEMPERATURE_LIMITED,UC Davis Produce Fact Sheet: Napa Cabbage,https://postharvest.ucdavis.edu/produce-facts-sheets/napa-cabbage-wombok,Postharvest Handling and Storage section for Napa Cabbage. Published storage temperature can differ from the schema's 0-4 C fridge profile; see handling note. Supplied source label: SFA Food Storage Guidelines / UC Davis Postharvest,3-5 days,Published optimum temperature may differ from the schema FRIDGE profile (0-4 C); retain this limitation and inspect product quality.
340,4,110,1,3,5,4,AVAILABLE,MEDIUM,INSTITUTIONAL_GUIDANCE_LIMITED,Singapore Food Agency Food Safety Tips,https://www.sfa.gov.sg/food-safety-tips/safe-food-practices/food-safety-tips,Storing food at safe temperatures and raw food handling. Exact numeric table row was not supplied with the source label. Supplied source label: Singapore Food Agency (SFA) / UC Davis Postharvest,3-5 days,
341,4,110,2,180,240,210,AVAILABLE,HIGH,CATEGORY_GENERALIZATION,"National Center for Home Food Preservation, frozen-food storage guidance",https://nchfp.uga.edu/how/freeze/freeze-general-information/how-long-can-i-store-frozen-foods/,General frozen fruits and vegetables guidance: 8-12 months at 0 F (-18 C); freezing duration is quality guidance and typically assumes appropriate preparation/blanching. Supplied source label: USDA FoodKeeper,180-240 days,
342,4,110,3,1,2,1.5,AVAILABLE,MEDIUM,INSTITUTIONAL_GUIDANCE_LIMITED,Singapore Food Agency Food Safety Tips,https://www.sfa.gov.sg/food-safety-tips/safe-food-practices/food-safety-tips,Storing food at safe temperatures and raw food handling. Exact numeric table row was not supplied with the source label. Supplied source label: SFA Food Storage Guidelines,1-2 days,
343,4,111,1,3,5,4,AVAILABLE,MEDIUM,INSTITUTIONAL_GUIDANCE_LIMITED,"Malaysian Agricultural Research and Development Institute (MARDI), Technology and Horticulture",https://fms.mardi.gov.my/en/penyelidikan/horticulture.html,"MARDI post-harvest handling, storage and cold-chain technology page. Exact numeric table row was not supplied with the source label. Supplied source label: MARDI Postharvest Division / DOA Malaysia",3-5 days,
344,4,111,2,240,300,270,AVAILABLE,HIGH,CATEGORY_GENERALIZATION,"National Center for Home Food Preservation, frozen-food storage guidance",https://nchfp.uga.edu/how/freeze/freeze-general-information/how-long-can-i-store-frozen-foods/,General frozen fruits and vegetables guidance: 8-12 months at 0 F (-18 C); freezing duration is quality guidance and typically assumes appropriate preparation/blanching. Supplied source label: AVRDC - World Vegetable Center / USDA FoodKeeper,240-300 days,
345,4,111,3,1,2,1.5,AVAILABLE,MEDIUM,INSTITUTIONAL_GUIDANCE_LIMITED,"Department of Agriculture Malaysia, Food Processing Technology",https://epengembangan.doa.gov.my/en/industri-asas-tani-iat/teknologi-pemprosesan-makanan/,Department of Agriculture Malaysia food processing/cold storage guidance. Exact numeric table row was not supplied with the source label. Supplied source label: DOA Malaysia Panduan Lepas Tuai,1-2 days,
346,4,112,1,3,5,4,AVAILABLE,MEDIUM,INSTITUTIONAL_GUIDANCE_LIMITED,"Malaysian Agricultural Research and Development Institute (MARDI), Technology and Horticulture",https://fms.mardi.gov.my/en/penyelidikan/horticulture.html,"MARDI post-harvest handling, storage and cold-chain technology page. Exact numeric table row was not supplied with the source label. Supplied source label: MARDI Postharvest Research / DOA Malaysia",3-5 days,
347,4,112,2,240,300,270,AVAILABLE,HIGH,CATEGORY_GENERALIZATION,"National Center for Home Food Preservation, frozen-food storage guidance",https://nchfp.uga.edu/how/freeze/freeze-general-information/how-long-can-i-store-frozen-foods/,General frozen fruits and vegetables guidance: 8-12 months at 0 F (-18 C); freezing duration is quality guidance and typically assumes appropriate preparation/blanching. Supplied source label: AVRDC - World Vegetable Center,240-300 days,
348,4,112,3,1,2,1.5,AVAILABLE,MEDIUM,INSTITUTIONAL_GUIDANCE_LIMITED,"Department of Agriculture Malaysia, Food Processing Technology",https://epengembangan.doa.gov.my/en/industri-asas-tani-iat/teknologi-pemprosesan-makanan/,Department of Agriculture Malaysia food processing/cold storage guidance. Exact numeric table row was not supplied with the source label. Supplied source label: DOA Malaysia Panduan Lepas Tuai,1-2 days,
349,4,113,1,7,14,10.5,AVAILABLE,HIGH,PRODUCT_SPECIFIC,USDA FoodKeeper open dataset,https://catalog.data.gov/dataset/fsis-foodkeeper-data,"FoodKeeper row: Lettuce — iceberg, romaine; Official XLS: https://www.fsis.usda.gov/shared/data/EN/FoodKeeper-Data.xls; structured review CSV: https://raw.githubusercontent.com/jelera/food-shelflife-db/master/lib/seeds/ingredients.csv",1-2 Weeks refrigerated; normalized to 7-14 days,FoodKeeper value normalized to days (1 week = 7 days; 1 month = 30 days). Product catalogue name retained unchanged.
350,4,113,2,0,0,,NOT_RECOMMENDED,HIGH,PRODUCT_GROUP_TABLE,USDA FSIS FoodKeeper Data,https://catalog.data.gov/dataset/fsis-foodkeeper-data,FoodKeeper Data English distribution; product/freezer entry (where supplied data says freezing is not recommended). Supplied source label: Singapore Food Agency (SFA) - Freezing Not Recommended,0 days; supplied source labels this storage condition Not Recommended.,Display a warning; do not calculate an endorsed expiry date for this storage condition.
351,4,113,3,1,2,1.5,AVAILABLE,MEDIUM,PRODUCT_SPECIFIC_TEMPERATURE_LIMITED,UC Davis Produce Fact Sheet: Iceberg Lettuce,https://postharvest.ucdavis.edu/produce-facts-sheets/lettuce-crisphead-iceberg,Postharvest Handling and Storage section for Iceberg Lettuce. Published storage temperature can differ from the schema's 0-4 C fridge profile; see handling note. Supplied source label: SFA Food Storage Guidelines,1-2 days,Published optimum temperature may differ from the schema FRIDGE profile (0-4 C); retain this limitation and inspect product quality.
352,4,114,1,7,14,10.5,AVAILABLE,MEDIUM,INSTITUTIONAL_GUIDANCE_LIMITED,"Malaysian Agricultural Research and Development Institute (MARDI), Technology and Horticulture",https://fms.mardi.gov.my/en/penyelidikan/horticulture.html,"MARDI post-harvest handling, storage and cold-chain technology page. Exact numeric table row was not supplied with the source label. Supplied source label: MARDI Postharvest Handling / DOA Malaysia",7-14 days,
353,4,114,2,240,300,270,AVAILABLE,HIGH,CATEGORY_GENERALIZATION,"National Center for Home Food Preservation, frozen-food storage guidance",https://nchfp.uga.edu/how/freeze/freeze-general-information/how-long-can-i-store-frozen-foods/,General frozen fruits and vegetables guidance: 8-12 months at 0 F (-18 C); freezing duration is quality guidance and typically assumes appropriate preparation/blanching. Supplied source label: USDA FoodKeeper / UC Davis Postharvest Technology Center,240-300 days,
354,4,114,3,3,5,4,AVAILABLE,MEDIUM,INSTITUTIONAL_GUIDANCE_LIMITED,"Malaysian Agricultural Research and Development Institute (MARDI), Technology and Horticulture",https://fms.mardi.gov.my/en/penyelidikan/horticulture.html,"MARDI post-harvest handling, storage and cold-chain technology page. Exact numeric table row was not supplied with the source label. Supplied source label: MARDI Postharvest Handling / DOA Malaysia",3-5 days,
355,4,115,1,5,7,6,AVAILABLE,MEDIUM,INSTITUTIONAL_GUIDANCE_LIMITED,"Malaysian Agricultural Research and Development Institute (MARDI), Technology and Horticulture",https://fms.mardi.gov.my/en/penyelidikan/horticulture.html,"MARDI post-harvest handling, storage and cold-chain technology page. Exact numeric table row was not supplied with the source label. Supplied source label: MARDI Postharvest Guidelines / DOA Malaysia",5-7 days,
356,4,115,2,180,240,210,AVAILABLE,HIGH,CATEGORY_GENERALIZATION,"National Center for Home Food Preservation, frozen-food storage guidance",https://nchfp.uga.edu/how/freeze/freeze-general-information/how-long-can-i-store-frozen-foods/,General frozen fruits and vegetables guidance: 8-12 months at 0 F (-18 C); freezing duration is quality guidance and typically assumes appropriate preparation/blanching. Supplied source label: FAO Post-harvest Operations / MARDI,180-240 days,
357,4,115,3,2,4,3,AVAILABLE,MEDIUM,INSTITUTIONAL_GUIDANCE_LIMITED,"Department of Agriculture Malaysia, Food Processing Technology",https://epengembangan.doa.gov.my/en/industri-asas-tani-iat/teknologi-pemprosesan-makanan/,Department of Agriculture Malaysia food processing/cold storage guidance. Exact numeric table row was not supplied with the source label. Supplied source label: DOA Malaysia / SFA Food Storage,2-4 days,
358,4,116,1,7,14,10.5,AVAILABLE,MEDIUM,INSTITUTIONAL_GUIDANCE_LIMITED,"Department of Agriculture Malaysia, Food Processing Technology",https://epengembangan.doa.gov.my/en/industri-asas-tani-iat/teknologi-pemprosesan-makanan/,Department of Agriculture Malaysia food processing/cold storage guidance. Exact numeric table row was not supplied with the source label. Supplied source label: Singapore Food Agency (SFA) / DOA Malaysia,7-14 days,
359,4,116,2,240,300,270,AVAILABLE,HIGH,CATEGORY_GENERALIZATION,"National Center for Home Food Preservation, frozen-food storage guidance",https://nchfp.uga.edu/how/freeze/freeze-general-information/how-long-can-i-store-frozen-foods/,General frozen fruits and vegetables guidance: 8-12 months at 0 F (-18 C); freezing duration is quality guidance and typically assumes appropriate preparation/blanching. Supplied source label: UC Davis Postharvest Technology Center,240-300 days,
360,4,116,3,30,90,60,AVAILABLE,MEDIUM,INSTITUTIONAL_GUIDANCE_LIMITED,"Department of Agriculture Malaysia, Food Processing Technology",https://epengembangan.doa.gov.my/en/industri-asas-tani-iat/teknologi-pemprosesan-makanan/,Department of Agriculture Malaysia food processing/cold storage guidance. Exact numeric table row was not supplied with the source label. Supplied source label: DOA Malaysia / UC Davis Postharvest Technology Center,30-90 days,
361,4,117,1,7,10,8.5,AVAILABLE,MEDIUM,INSTITUTIONAL_GUIDANCE_LIMITED,"Malaysian Agricultural Research and Development Institute (MARDI), Technology and Horticulture",https://fms.mardi.gov.my/en/penyelidikan/horticulture.html,"MARDI post-harvest handling, storage and cold-chain technology page. Exact numeric table row was not supplied with the source label. Supplied source label: MARDI Postharvest Division / DOA Malaysia",7-10 days,
362,4,117,2,180,240,210,AVAILABLE,HIGH,CATEGORY_GENERALIZATION,"National Center for Home Food Preservation, frozen-food storage guidance",https://nchfp.uga.edu/how/freeze/freeze-general-information/how-long-can-i-store-frozen-foods/,General frozen fruits and vegetables guidance: 8-12 months at 0 F (-18 C); freezing duration is quality guidance and typically assumes appropriate preparation/blanching. Supplied source label: FAO Postharvest Operations,180-240 days,
363,4,117,3,3,5,4,AVAILABLE,MEDIUM,INSTITUTIONAL_GUIDANCE_LIMITED,"Department of Agriculture Malaysia, Food Processing Technology",https://epengembangan.doa.gov.my/en/industri-asas-tani-iat/teknologi-pemprosesan-makanan/,Department of Agriculture Malaysia food processing/cold storage guidance. Exact numeric table row was not supplied with the source label. Supplied source label: DOA Malaysia / FAO,3-5 days,
364,4,118,1,5,7,6,AVAILABLE,MEDIUM,INSTITUTIONAL_GUIDANCE_LIMITED,"Malaysian Agricultural Research and Development Institute (MARDI), Technology and Horticulture",https://fms.mardi.gov.my/en/penyelidikan/horticulture.html,"MARDI post-harvest handling, storage and cold-chain technology page. Exact numeric table row was not supplied with the source label. Supplied source label: MARDI Postharvest Handling / DOA Malaysia",5-7 days,
365,4,118,2,180,240,210,AVAILABLE,HIGH,CATEGORY_GENERALIZATION,"National Center for Home Food Preservation, frozen-food storage guidance",https://nchfp.uga.edu/how/freeze/freeze-general-information/how-long-can-i-store-frozen-foods/,General frozen fruits and vegetables guidance: 8-12 months at 0 F (-18 C); freezing duration is quality guidance and typically assumes appropriate preparation/blanching. Supplied source label: AVRDC - World Vegetable Center / FAO,180-240 days,
366,4,118,3,2,4,3,AVAILABLE,MEDIUM,INSTITUTIONAL_GUIDANCE_LIMITED,"Department of Agriculture Malaysia, Food Processing Technology",https://epengembangan.doa.gov.my/en/industri-asas-tani-iat/teknologi-pemprosesan-makanan/,Department of Agriculture Malaysia food processing/cold storage guidance. Exact numeric table row was not supplied with the source label. Supplied source label: DOA Malaysia Lepas Tuai Sayuran,2-4 days,
367,4,119,1,21,28,24.5,AVAILABLE,MEDIUM,INSTITUTIONAL_GUIDANCE_LIMITED,Singapore Food Agency Food Safety Tips,https://www.sfa.gov.sg/food-safety-tips/safe-food-practices/food-safety-tips,Storing food at safe temperatures and raw food handling. Exact numeric table row was not supplied with the source label. Supplied source label: UC Davis Postharvest Technology Center / SFA,21-28 days,
368,4,119,2,240,300,270,AVAILABLE,HIGH,CATEGORY_GENERALIZATION,"National Center for Home Food Preservation, frozen-food storage guidance",https://nchfp.uga.edu/how/freeze/freeze-general-information/how-long-can-i-store-frozen-foods/,General frozen fruits and vegetables guidance: 8-12 months at 0 F (-18 C); freezing duration is quality guidance and typically assumes appropriate preparation/blanching. Supplied source label: USDA FoodKeeper,240-300 days,
369,4,119,3,7,14,10.5,AVAILABLE,MEDIUM,INSTITUTIONAL_GUIDANCE_LIMITED,Singapore Food Agency Food Safety Tips,https://www.sfa.gov.sg/food-safety-tips/safe-food-practices/food-safety-tips,Storing food at safe temperatures and raw food handling. Exact numeric table row was not supplied with the source label. Supplied source label: Singapore Food Agency (SFA) / UC Davis Postharvest,7-14 days,
370,4,120,1,4,6,5,AVAILABLE,HIGH,PRODUCT_SPECIFIC,USDA FoodKeeper open dataset,https://catalog.data.gov/dataset/fsis-foodkeeper-data,FoodKeeper row: Cucumbers — (no subtitle); Official XLS: https://www.fsis.usda.gov/shared/data/EN/FoodKeeper-Data.xls; structured review CSV: https://raw.githubusercontent.com/jelera/food-shelflife-db/master/lib/seeds/ingredients.csv,4-6 Days refrigerated; normalized to 4-6 days,FoodKeeper value normalized to days (1 week = 7 days; 1 month = 30 days). Product catalogue name retained unchanged.
371,4,120,2,0,0,,NOT_RECOMMENDED,HIGH,PRODUCT_GROUP_TABLE,USDA FSIS FoodKeeper Data,https://catalog.data.gov/dataset/fsis-foodkeeper-data,FoodKeeper Data English distribution; product/freezer entry (where supplied data says freezing is not recommended). Supplied source label: Singapore Food Agency (SFA) - Freezing Not Recommended,0 days; supplied source labels this storage condition Not Recommended.,Display a warning; do not calculate an endorsed expiry date for this storage condition.
372,4,120,3,2,4,3,AVAILABLE,MEDIUM,PRODUCT_SPECIFIC_TEMPERATURE_LIMITED,UC Davis Produce Fact Sheet: Cucumber,https://postharvest.ucdavis.edu/produce-facts-sheets/cucumber,Postharvest Handling and Storage section for Cucumber. Published storage temperature can differ from the schema's 0-4 C fridge profile; see handling note. Supplied source label: SFA Food Storage Guidelines / DOA Malaysia,2-4 days,Published optimum temperature may differ from the schema FRIDGE profile (0-4 C); retain this limitation and inspect product quality.
373,4,121,1,90,150,120,AVAILABLE,HIGH,PRODUCT_SPECIFIC,USDA FoodKeeper open dataset,https://catalog.data.gov/dataset/fsis-foodkeeper-data,FoodKeeper row: Pumpkins — (no subtitle); Official XLS: https://www.fsis.usda.gov/shared/data/EN/FoodKeeper-Data.xls; structured review CSV: https://raw.githubusercontent.com/jelera/food-shelflife-db/master/lib/seeds/ingredients.csv,3-5 Months refrigerated; normalized to 90-150 days,FoodKeeper value normalized to days (1 week = 7 days; 1 month = 30 days). Product catalogue name retained unchanged.
374,4,121,2,300,365,332.5,AVAILABLE,HIGH,CATEGORY_GENERALIZATION,"National Center for Home Food Preservation, frozen-food storage guidance",https://nchfp.uga.edu/how/freeze/freeze-general-information/how-long-can-i-store-frozen-foods/,General frozen fruits and vegetables guidance: 8-12 months at 0 F (-18 C); freezing duration is quality guidance and typically assumes appropriate preparation/blanching. Supplied source label: USDA FoodKeeper,300-365 days,
375,4,121,3,30,90,60,AVAILABLE,MEDIUM,PRODUCT_SPECIFIC_TEMPERATURE_LIMITED,UC Davis Produce Fact Sheet: Pumpkin,https://postharvest.ucdavis.edu/produce-facts-sheets/pumpkin-winter-squash,Postharvest Handling and Storage section for Pumpkin. Published storage temperature can differ from the schema's 0-4 C fridge profile; see handling note. Supplied source label: MARDI Postharvest Handling / SFA,30-90 days,Published optimum temperature may differ from the schema FRIDGE profile (0-4 C); retain this limitation and inspect product quality.
376,4,122,1,3,5,4,AVAILABLE,HIGH,PRODUCT_SPECIFIC,USDA FoodKeeper open dataset,https://catalog.data.gov/dataset/fsis-foodkeeper-data,"FoodKeeper row: Beans and peas — green, fava, lima, soybean, wax, snow, sugar snap; Official XLS: https://www.fsis.usda.gov/shared/data/EN/FoodKeeper-Data.xls; structured review CSV: https://raw.githubusercontent.com/jelera/food-shelflife-db/master/lib/seeds/ingredients.csv",3-5 Days refrigerated; normalized to 3-5 days,FoodKeeper value normalized to days (1 week = 7 days; 1 month = 30 days). Product catalogue name retained unchanged.
377,4,122,2,240,240,240,AVAILABLE,HIGH,PRODUCT_SPECIFIC,USDA FoodKeeper open dataset,https://catalog.data.gov/dataset/fsis-foodkeeper-data,"FoodKeeper row: Beans and peas — green, fava, lima, soybean, wax, snow, sugar snap; Official XLS: https://www.fsis.usda.gov/shared/data/EN/FoodKeeper-Data.xls; structured review CSV: https://raw.githubusercontent.com/jelera/food-shelflife-db/master/lib/seeds/ingredients.csv",8-8 Months frozen; normalized to 240-240 days,FoodKeeper value normalized to days (1 week = 7 days; 1 month = 30 days). Product catalogue name retained unchanged.
378,4,122,3,2,3,2.5,AVAILABLE,MEDIUM,INSTITUTIONAL_GUIDANCE_LIMITED,"Malaysian Agricultural Research and Development Institute (MARDI), Technology and Horticulture",https://fms.mardi.gov.my/en/penyelidikan/horticulture.html,"MARDI post-harvest handling, storage and cold-chain technology page. Exact numeric table row was not supplied with the source label. Supplied source label: MARDI Postharvest Quality Manual / DOA Malaysia",2-3 days,
379,4,123,1,3,5,4,AVAILABLE,HIGH,PRODUCT_SPECIFIC,USDA FoodKeeper open dataset,https://catalog.data.gov/dataset/fsis-foodkeeper-data,"FoodKeeper row: Beans and peas — green, fava, lima, soybean, wax, snow, sugar snap; Official XLS: https://www.fsis.usda.gov/shared/data/EN/FoodKeeper-Data.xls; structured review CSV: https://raw.githubusercontent.com/jelera/food-shelflife-db/master/lib/seeds/ingredients.csv",3-5 Days refrigerated; normalized to 3-5 days,FoodKeeper value normalized to days (1 week = 7 days; 1 month = 30 days). Product catalogue name retained unchanged.
380,4,123,2,240,240,240,AVAILABLE,HIGH,PRODUCT_SPECIFIC,USDA FoodKeeper open dataset,https://catalog.data.gov/dataset/fsis-foodkeeper-data,"FoodKeeper row: Beans and peas — green, fava, lima, soybean, wax, snow, sugar snap; Official XLS: https://www.fsis.usda.gov/shared/data/EN/FoodKeeper-Data.xls; structured review CSV: https://raw.githubusercontent.com/jelera/food-shelflife-db/master/lib/seeds/ingredients.csv",8-8 Months frozen; normalized to 240-240 days,FoodKeeper value normalized to days (1 week = 7 days; 1 month = 30 days). Product catalogue name retained unchanged.
381,4,123,3,2,3,2.5,AVAILABLE,MEDIUM,PRODUCT_SPECIFIC_TEMPERATURE_LIMITED,UC Davis Produce Fact Sheet: French Beans,https://postharvest.ucdavis.edu/produce-facts-sheets/green-beans,Postharvest Handling and Storage section for French Beans. Published storage temperature can differ from the schema's 0-4 C fridge profile; see handling note. Supplied source label: Singapore Food Agency (SFA),2-3 days,Published optimum temperature may differ from the schema FRIDGE profile (0-4 C); retain this limitation and inspect product quality.
382,4,124,1,3,5,4,AVAILABLE,HIGH,PRODUCT_SPECIFIC,USDA FoodKeeper open dataset,https://catalog.data.gov/dataset/fsis-foodkeeper-data,"FoodKeeper row: Beans and peas — green, fava, lima, soybean, wax, snow, sugar snap; Official XLS: https://www.fsis.usda.gov/shared/data/EN/FoodKeeper-Data.xls; structured review CSV: https://raw.githubusercontent.com/jelera/food-shelflife-db/master/lib/seeds/ingredients.csv",3-5 Days refrigerated; normalized to 3-5 days,FoodKeeper value normalized to days (1 week = 7 days; 1 month = 30 days). Product catalogue name retained unchanged.
383,4,124,2,240,240,240,AVAILABLE,HIGH,PRODUCT_SPECIFIC,USDA FoodKeeper open dataset,https://catalog.data.gov/dataset/fsis-foodkeeper-data,"FoodKeeper row: Beans and peas — green, fava, lima, soybean, wax, snow, sugar snap; Official XLS: https://www.fsis.usda.gov/shared/data/EN/FoodKeeper-Data.xls; structured review CSV: https://raw.githubusercontent.com/jelera/food-shelflife-db/master/lib/seeds/ingredients.csv",8-8 Months frozen; normalized to 240-240 days,FoodKeeper value normalized to days (1 week = 7 days; 1 month = 30 days). Product catalogue name retained unchanged.
384,4,124,3,2,3,2.5,AVAILABLE,MEDIUM,INSTITUTIONAL_GUIDANCE_LIMITED,"Malaysian Agricultural Research and Development Institute (MARDI), Technology and Horticulture",https://fms.mardi.gov.my/en/penyelidikan/horticulture.html,"MARDI post-harvest handling, storage and cold-chain technology page. Exact numeric table row was not supplied with the source label. Supplied source label: MARDI Post-harvest Handling Guidelines",2-3 days,
385,4,125,1,2,3,2.5,AVAILABLE,HIGH,PRODUCT_SPECIFIC,USDA FoodKeeper open dataset,https://catalog.data.gov/dataset/fsis-foodkeeper-data,FoodKeeper row: Okra — (no subtitle); Official XLS: https://www.fsis.usda.gov/shared/data/EN/FoodKeeper-Data.xls; structured review CSV: https://raw.githubusercontent.com/jelera/food-shelflife-db/master/lib/seeds/ingredients.csv,2-3 Days refrigerated; normalized to 2-3 days,FoodKeeper value normalized to days (1 week = 7 days; 1 month = 30 days). Product catalogue name retained unchanged.
386,4,125,2,300,360,330,AVAILABLE,HIGH,PRODUCT_SPECIFIC,USDA FoodKeeper open dataset,https://catalog.data.gov/dataset/fsis-foodkeeper-data,FoodKeeper row: Okra — (no subtitle); Official XLS: https://www.fsis.usda.gov/shared/data/EN/FoodKeeper-Data.xls; structured review CSV: https://raw.githubusercontent.com/jelera/food-shelflife-db/master/lib/seeds/ingredients.csv,10-12 Months frozen; normalized to 300-360 days,FoodKeeper value normalized to days (1 week = 7 days; 1 month = 30 days). Product catalogue name retained unchanged.
387,4,125,3,2,3,2.5,AVAILABLE,MEDIUM,PRODUCT_SPECIFIC_TEMPERATURE_LIMITED,UC Davis Produce Fact Sheet: Okra,https://postharvest.ucdavis.edu/produce-facts-sheets/okra,Postharvest Handling and Storage section for Okra. Published storage temperature can differ from the schema's 0-4 C fridge profile; see handling note. Supplied source label: MARDI Postharvest Handling / DOA Malaysia,2-3 days,Published optimum temperature may differ from the schema FRIDGE profile (0-4 C); retain this limitation and inspect product quality.
388,4,126,1,7,14,10.5,AVAILABLE,MEDIUM,INSTITUTIONAL_GUIDANCE_LIMITED,"Malaysian Agricultural Research and Development Institute (MARDI), Technology and Horticulture",https://fms.mardi.gov.my/en/penyelidikan/horticulture.html,"MARDI post-harvest handling, storage and cold-chain technology page. Exact numeric table row was not supplied with the source label. Supplied source label: MARDI Food Technology Research Centre",7-14 days,
389,4,126,2,300,365,332.5,AVAILABLE,HIGH,CATEGORY_GENERALIZATION,"National Center for Home Food Preservation, frozen-food storage guidance",https://nchfp.uga.edu/how/freeze/freeze-general-information/how-long-can-i-store-frozen-foods/,General frozen fruits and vegetables guidance: 8-12 months at 0 F (-18 C); freezing duration is quality guidance and typically assumes appropriate preparation/blanching. Supplied source label: MARDI Food Technology Research Centre,300-365 days,
390,4,126,3,3,5,4,AVAILABLE,MEDIUM,INSTITUTIONAL_GUIDANCE_LIMITED,"Malaysian Agricultural Research and Development Institute (MARDI), Technology and Horticulture",https://fms.mardi.gov.my/en/penyelidikan/horticulture.html,"MARDI post-harvest handling, storage and cold-chain technology page. Exact numeric table row was not supplied with the source label. Supplied source label: MARDI Research Bulletin / DOA Malaysia",3-5 days,
391,4,127,1,5,10,7.5,AVAILABLE,HIGH,PRODUCT_SPECIFIC,USDA FoodKeeper open dataset,https://catalog.data.gov/dataset/fsis-foodkeeper-data,FoodKeeper row: Bean sprouts — (no subtitle); Official XLS: https://www.fsis.usda.gov/shared/data/EN/FoodKeeper-Data.xls; structured review CSV: https://raw.githubusercontent.com/jelera/food-shelflife-db/master/lib/seeds/ingredients.csv,5-10 Days refrigerated; normalized to 5-10 days,FoodKeeper value normalized to days (1 week = 7 days; 1 month = 30 days). Product catalogue name retained unchanged.
392,4,127,2,0,0,,NOT_RECOMMENDED,HIGH,PRODUCT_GROUP_TABLE,USDA FSIS FoodKeeper Data,https://catalog.data.gov/dataset/fsis-foodkeeper-data,FoodKeeper Data English distribution; product/freezer entry (where supplied data says freezing is not recommended). Supplied source label: Singapore Food Agency (SFA) - Freezing Not Recommended,0 days; supplied source labels this storage condition Not Recommended.,Display a warning; do not calculate an endorsed expiry date for this storage condition.
393,4,127,3,1,1,1,AVAILABLE,MEDIUM,PRODUCT_SPECIFIC_TEMPERATURE_LIMITED,UC Davis Produce Fact Sheet: Mung Bean Sprouts,https://postharvest.ucdavis.edu/produce-facts-sheets/sprouts,Postharvest Handling and Storage section for Mung Bean Sprouts. Published storage temperature can differ from the schema's 0-4 C fridge profile; see handling note. Supplied source label: Singapore Food Agency (SFA) Food Safety Guidelines,1-1 days,Published optimum temperature may differ from the schema FRIDGE profile (0-4 C); retain this limitation and inspect product quality.
394,4,128,1,5,10,7.5,AVAILABLE,HIGH,PRODUCT_SPECIFIC,USDA FoodKeeper open dataset,https://catalog.data.gov/dataset/fsis-foodkeeper-data,FoodKeeper row: Bean sprouts — (no subtitle); Official XLS: https://www.fsis.usda.gov/shared/data/EN/FoodKeeper-Data.xls; structured review CSV: https://raw.githubusercontent.com/jelera/food-shelflife-db/master/lib/seeds/ingredients.csv,5-10 Days refrigerated; normalized to 5-10 days,FoodKeeper value normalized to days (1 week = 7 days; 1 month = 30 days). Product catalogue name retained unchanged.
395,4,128,2,0,0,,NOT_RECOMMENDED,HIGH,PRODUCT_GROUP_TABLE,USDA FSIS FoodKeeper Data,https://catalog.data.gov/dataset/fsis-foodkeeper-data,FoodKeeper Data English distribution; product/freezer entry (where supplied data says freezing is not recommended). Supplied source label: Singapore Food Agency (SFA) - Freezing Not Recommended,0 days; supplied source labels this storage condition Not Recommended.,Display a warning; do not calculate an endorsed expiry date for this storage condition.
396,4,128,3,1,1,1,AVAILABLE,MEDIUM,PRODUCT_SPECIFIC_TEMPERATURE_LIMITED,UC Davis Produce Fact Sheet: Soybean Sprouts,https://postharvest.ucdavis.edu/produce-facts-sheets/sprouts,Postharvest Handling and Storage section for Soybean Sprouts. Published storage temperature can differ from the schema's 0-4 C fridge profile; see handling note. Supplied source label: Singapore Food Agency (SFA) Food Safety Guidelines,1-1 days,Published optimum temperature may differ from the schema FRIDGE profile (0-4 C); retain this limitation and inspect product quality.
397,4,129,1,5,7,6,AVAILABLE,MEDIUM,PRODUCT_SPECIFIC_TEMPERATURE_LIMITED,UC Davis Produce Fact Sheet: Baby Corn,https://postharvest.ucdavis.edu/produce-facts-sheets/corn-sweet,Postharvest Handling and Storage section for Baby Corn. Published storage temperature can differ from the schema's 0-4 C fridge profile; see handling note. Supplied source label: Singapore Food Agency (SFA) / USDA FoodKeeper,5-7 days,Published optimum temperature may differ from the schema FRIDGE profile (0-4 C); retain this limitation and inspect product quality.
398,4,129,2,300,365,332.5,AVAILABLE,HIGH,CATEGORY_GENERALIZATION,"National Center for Home Food Preservation, frozen-food storage guidance",https://nchfp.uga.edu/how/freeze/freeze-general-information/how-long-can-i-store-frozen-foods/,General frozen fruits and vegetables guidance: 8-12 months at 0 F (-18 C); freezing duration is quality guidance and typically assumes appropriate preparation/blanching. Supplied source label: USDA FoodKeeper / FAO Post-harvest,300-365 days,
399,4,129,3,2,3,2.5,AVAILABLE,MEDIUM,PRODUCT_SPECIFIC_TEMPERATURE_LIMITED,UC Davis Produce Fact Sheet: Baby Corn,https://postharvest.ucdavis.edu/produce-facts-sheets/corn-sweet,Postharvest Handling and Storage section for Baby Corn. Published storage temperature can differ from the schema's 0-4 C fridge profile; see handling note. Supplied source label: Singapore Food Agency (SFA),2-3 days,Published optimum temperature may differ from the schema FRIDGE profile (0-4 C); retain this limitation and inspect product quality.
400,4,130,1,7,7,7,AVAILABLE,HIGH,PRODUCT_SPECIFIC,USDA FoodKeeper open dataset,https://catalog.data.gov/dataset/fsis-foodkeeper-data,FoodKeeper row: Hot peppers — (no subtitle); Official XLS: https://www.fsis.usda.gov/shared/data/EN/FoodKeeper-Data.xls; structured review CSV: https://raw.githubusercontent.com/jelera/food-shelflife-db/master/lib/seeds/ingredients.csv,1-1 Weeks refrigerated; normalized to 7-7 days,FoodKeeper value normalized to days (1 week = 7 days; 1 month = 30 days). Product catalogue name retained unchanged.
401,4,130,2,270,270,270,AVAILABLE,HIGH,PRODUCT_SPECIFIC,USDA FoodKeeper open dataset,https://catalog.data.gov/dataset/fsis-foodkeeper-data,FoodKeeper row: Hot peppers — (no subtitle); Official XLS: https://www.fsis.usda.gov/shared/data/EN/FoodKeeper-Data.xls; structured review CSV: https://raw.githubusercontent.com/jelera/food-shelflife-db/master/lib/seeds/ingredients.csv,9-9 Months frozen; normalized to 270-270 days,FoodKeeper value normalized to days (1 week = 7 days; 1 month = 30 days). Product catalogue name retained unchanged.
402,4,130,3,5,7,6,AVAILABLE,MEDIUM,PRODUCT_SPECIFIC_TEMPERATURE_LIMITED,UC Davis Produce Fact Sheet: Bird's Eye Chili,https://postharvest.ucdavis.edu/produce-facts-sheets/chile-pepper,Postharvest Handling and Storage section for Bird's Eye Chili. Published storage temperature can differ from the schema's 0-4 C fridge profile; see handling note. Supplied source label: MARDI Postharvest Handling / DOA Malaysia,5-7 days,Published optimum temperature may differ from the schema FRIDGE profile (0-4 C); retain this limitation and inspect product quality.
403,4,131,1,4,14,9,AVAILABLE,HIGH,PRODUCT_SPECIFIC,USDA FoodKeeper open dataset,https://catalog.data.gov/dataset/fsis-foodkeeper-data,FoodKeeper row: Peppers — (no subtitle); Official XLS: https://www.fsis.usda.gov/shared/data/EN/FoodKeeper-Data.xls; structured review CSV: https://raw.githubusercontent.com/jelera/food-shelflife-db/master/lib/seeds/ingredients.csv,4-14 Days refrigerated; normalized to 4-14 days,FoodKeeper value normalized to days (1 week = 7 days; 1 month = 30 days). Product catalogue name retained unchanged.
404,4,131,2,180,240,210,AVAILABLE,HIGH,PRODUCT_SPECIFIC,USDA FoodKeeper open dataset,https://catalog.data.gov/dataset/fsis-foodkeeper-data,FoodKeeper row: Peppers — (no subtitle); Official XLS: https://www.fsis.usda.gov/shared/data/EN/FoodKeeper-Data.xls; structured review CSV: https://raw.githubusercontent.com/jelera/food-shelflife-db/master/lib/seeds/ingredients.csv,6-8 Months frozen; normalized to 180-240 days,FoodKeeper value normalized to days (1 week = 7 days; 1 month = 30 days). Product catalogue name retained unchanged.
405,4,131,3,4,6,5,AVAILABLE,MEDIUM,PRODUCT_SPECIFIC_TEMPERATURE_LIMITED,UC Davis Produce Fact Sheet: Red Chili,https://postharvest.ucdavis.edu/produce-facts-sheets/chile-pepper,Postharvest Handling and Storage section for Red Chili. Published storage temperature can differ from the schema's 0-4 C fridge profile; see handling note. Supplied source label: MARDI Postharvest Guidelines / DOA Malaysia,4-6 days,Published optimum temperature may differ from the schema FRIDGE profile (0-4 C); retain this limitation and inspect product quality.
406,4,132,1,4,14,9,AVAILABLE,HIGH,PRODUCT_SPECIFIC,USDA FoodKeeper open dataset,https://catalog.data.gov/dataset/fsis-foodkeeper-data,FoodKeeper row: Peppers — (no subtitle); Official XLS: https://www.fsis.usda.gov/shared/data/EN/FoodKeeper-Data.xls; structured review CSV: https://raw.githubusercontent.com/jelera/food-shelflife-db/master/lib/seeds/ingredients.csv,4-14 Days refrigerated; normalized to 4-14 days,FoodKeeper value normalized to days (1 week = 7 days; 1 month = 30 days). Product catalogue name retained unchanged.
407,4,132,2,180,240,210,AVAILABLE,HIGH,PRODUCT_SPECIFIC,USDA FoodKeeper open dataset,https://catalog.data.gov/dataset/fsis-foodkeeper-data,FoodKeeper row: Peppers — (no subtitle); Official XLS: https://www.fsis.usda.gov/shared/data/EN/FoodKeeper-Data.xls; structured review CSV: https://raw.githubusercontent.com/jelera/food-shelflife-db/master/lib/seeds/ingredients.csv,6-8 Months frozen; normalized to 180-240 days,FoodKeeper value normalized to days (1 week = 7 days; 1 month = 30 days). Product catalogue name retained unchanged.
408,4,132,3,4,6,5,AVAILABLE,MEDIUM,PRODUCT_SPECIFIC_TEMPERATURE_LIMITED,UC Davis Produce Fact Sheet: Green Chili,https://postharvest.ucdavis.edu/produce-facts-sheets/chile-pepper,Postharvest Handling and Storage section for Green Chili. Published storage temperature can differ from the schema's 0-4 C fridge profile; see handling note. Supplied source label: MARDI Postharvest Guidelines / DOA Malaysia,4-6 days,Published optimum temperature may differ from the schema FRIDGE profile (0-4 C); retain this limitation and inspect product quality.
409,4,133,1,4,7,5.5,AVAILABLE,HIGH,PRODUCT_SPECIFIC,USDA FoodKeeper open dataset,https://catalog.data.gov/dataset/fsis-foodkeeper-data,FoodKeeper row: Eggplant — (no subtitle); Official XLS: https://www.fsis.usda.gov/shared/data/EN/FoodKeeper-Data.xls; structured review CSV: https://raw.githubusercontent.com/jelera/food-shelflife-db/master/lib/seeds/ingredients.csv,4-7 Days refrigerated; normalized to 4-7 days,FoodKeeper value normalized to days (1 week = 7 days; 1 month = 30 days). Product catalogue name retained unchanged.
410,4,133,2,180,240,210,AVAILABLE,HIGH,PRODUCT_SPECIFIC,USDA FoodKeeper open dataset,https://catalog.data.gov/dataset/fsis-foodkeeper-data,FoodKeeper row: Eggplant — (no subtitle); Official XLS: https://www.fsis.usda.gov/shared/data/EN/FoodKeeper-Data.xls; structured review CSV: https://raw.githubusercontent.com/jelera/food-shelflife-db/master/lib/seeds/ingredients.csv,6-8 Months frozen; normalized to 180-240 days,FoodKeeper value normalized to days (1 week = 7 days; 1 month = 30 days). Product catalogue name retained unchanged.
411,4,133,3,3,4,3.5,AVAILABLE,MEDIUM,PRODUCT_SPECIFIC_TEMPERATURE_LIMITED,UC Davis Produce Fact Sheet: Eggplant,https://postharvest.ucdavis.edu/produce-facts-sheets/eggplant,Postharvest Handling and Storage section for Eggplant. Published storage temperature can differ from the schema's 0-4 C fridge profile; see handling note. Supplied source label: SFA Food Storage Guidelines / DOA Malaysia,3-4 days,Published optimum temperature may differ from the schema FRIDGE profile (0-4 C); retain this limitation and inspect product quality.
412,4,134,1,7,14,10.5,AVAILABLE,MEDIUM,PRODUCT_SPECIFIC_TEMPERATURE_LIMITED,UC Davis Produce Fact Sheet: Tomato,https://postharvest.ucdavis.edu/produce-facts-sheets/tomato,Postharvest Handling and Storage section for Tomato. Published storage temperature can differ from the schema's 0-4 C fridge profile; see handling note. Supplied source label: Singapore Food Agency (SFA) / USDA FoodKeeper,7-14 days,Published optimum temperature may differ from the schema FRIDGE profile (0-4 C); retain this limitation and inspect product quality.
413,4,134,2,60,60,60,AVAILABLE,HIGH,PRODUCT_SPECIFIC,USDA FoodKeeper open dataset,https://catalog.data.gov/dataset/fsis-foodkeeper-data,FoodKeeper row: Tomatoes — (no subtitle); Official XLS: https://www.fsis.usda.gov/shared/data/EN/FoodKeeper-Data.xls; structured review CSV: https://raw.githubusercontent.com/jelera/food-shelflife-db/master/lib/seeds/ingredients.csv,2-2 Months frozen; normalized to 60-60 days,FoodKeeper value normalized to days (1 week = 7 days; 1 month = 30 days). Product catalogue name retained unchanged.
414,4,134,3,5,7,6,AVAILABLE,MEDIUM,PRODUCT_SPECIFIC_TEMPERATURE_LIMITED,UC Davis Produce Fact Sheet: Tomato,https://postharvest.ucdavis.edu/produce-facts-sheets/tomato,Postharvest Handling and Storage section for Tomato. Published storage temperature can differ from the schema's 0-4 C fridge profile; see handling note. Supplied source label: SFA Food Storage Guidelines / UC Davis Postharvest,5-7 days,Published optimum temperature may differ from the schema FRIDGE profile (0-4 C); retain this limitation and inspect product quality.
415,4,135,1,7,9,8,AVAILABLE,HIGH,PRODUCT_SPECIFIC,USDA FoodKeeper open dataset,https://catalog.data.gov/dataset/fsis-foodkeeper-data,FoodKeeper row: Lemongrass — (no subtitle); Official XLS: https://www.fsis.usda.gov/shared/data/EN/FoodKeeper-Data.xls; structured review CSV: https://raw.githubusercontent.com/jelera/food-shelflife-db/master/lib/seeds/ingredients.csv,7-9 Days refrigerated; normalized to 7-9 days,FoodKeeper value normalized to days (1 week = 7 days; 1 month = 30 days). Product catalogue name retained unchanged.
416,4,135,2,180,180,180,AVAILABLE,HIGH,PRODUCT_SPECIFIC,USDA FoodKeeper open dataset,https://catalog.data.gov/dataset/fsis-foodkeeper-data,FoodKeeper row: Lemongrass — (no subtitle); Official XLS: https://www.fsis.usda.gov/shared/data/EN/FoodKeeper-Data.xls; structured review CSV: https://raw.githubusercontent.com/jelera/food-shelflife-db/master/lib/seeds/ingredients.csv,6-6 Months frozen; normalized to 180-180 days,FoodKeeper value normalized to days (1 week = 7 days; 1 month = 30 days). Product catalogue name retained unchanged.
417,4,135,3,7,14,10.5,AVAILABLE,MEDIUM,INSTITUTIONAL_GUIDANCE_LIMITED,"Malaysian Agricultural Research and Development Institute (MARDI), Technology and Horticulture",https://fms.mardi.gov.my/en/penyelidikan/horticulture.html,"MARDI post-harvest handling, storage and cold-chain technology page. Exact numeric table row was not supplied with the source label. Supplied source label: MARDI Herbal Produce Guide / DOA Malaysia",7-14 days,
418,4,136,1,14,21,17.5,AVAILABLE,HIGH,PRODUCT_SPECIFIC,USDA FoodKeeper open dataset,https://catalog.data.gov/dataset/fsis-foodkeeper-data,FoodKeeper row: Ginger root — (no subtitle); Official XLS: https://www.fsis.usda.gov/shared/data/EN/FoodKeeper-Data.xls; structured review CSV: https://raw.githubusercontent.com/jelera/food-shelflife-db/master/lib/seeds/ingredients.csv,2-3 Weeks refrigerated; normalized to 14-21 days,FoodKeeper value normalized to days (1 week = 7 days; 1 month = 30 days). Product catalogue name retained unchanged.
419,4,136,2,180,180,180,AVAILABLE,HIGH,PRODUCT_SPECIFIC,USDA FoodKeeper open dataset,https://catalog.data.gov/dataset/fsis-foodkeeper-data,FoodKeeper row: Ginger root — (no subtitle); Official XLS: https://www.fsis.usda.gov/shared/data/EN/FoodKeeper-Data.xls; structured review CSV: https://raw.githubusercontent.com/jelera/food-shelflife-db/master/lib/seeds/ingredients.csv,6-6 Months frozen; normalized to 180-180 days,FoodKeeper value normalized to days (1 week = 7 days; 1 month = 30 days). Product catalogue name retained unchanged.
420,4,136,3,14,21,17.5,AVAILABLE,MEDIUM,PRODUCT_SPECIFIC_TEMPERATURE_LIMITED,UC Davis Produce Fact Sheet: Ginger,https://postharvest.ucdavis.edu/produce-facts-sheets/ginger-root,Postharvest Handling and Storage section for Ginger. Published storage temperature can differ from the schema's 0-4 C fridge profile; see handling note. Supplied source label: SFA Food Storage / DOA Malaysia,14-21 days,Published optimum temperature may differ from the schema FRIDGE profile (0-4 C); retain this limitation and inspect product quality.
421,4,137,1,21,28,24.5,AVAILABLE,MEDIUM,INSTITUTIONAL_GUIDANCE_LIMITED,"Malaysian Agricultural Research and Development Institute (MARDI), Technology and Horticulture",https://fms.mardi.gov.my/en/penyelidikan/horticulture.html,"MARDI post-harvest handling, storage and cold-chain technology page. Exact numeric table row was not supplied with the source label. Supplied source label: MARDI Postharvest Handling / DOA Malaysia",21-28 days,
422,4,137,2,180,365,272.5,AVAILABLE,HIGH,CATEGORY_GENERALIZATION,"National Center for Home Food Preservation, frozen-food storage guidance",https://nchfp.uga.edu/how/freeze/freeze-general-information/how-long-can-i-store-frozen-foods/,General frozen fruits and vegetables guidance: 8-12 months at 0 F (-18 C); freezing duration is quality guidance and typically assumes appropriate preparation/blanching. Supplied source label: FAO Postharvest Compendium / MARDI,180-365 days,
423,4,137,3,7,14,10.5,AVAILABLE,MEDIUM,INSTITUTIONAL_GUIDANCE_LIMITED,"Malaysian Agricultural Research and Development Institute (MARDI), Technology and Horticulture",https://fms.mardi.gov.my/en/penyelidikan/horticulture.html,"MARDI post-harvest handling, storage and cold-chain technology page. Exact numeric table row was not supplied with the source label. Supplied source label: MARDI Postharvest Handling / DOA Malaysia",7-14 days,
424,4,138,1,30,60,45,AVAILABLE,MEDIUM,INSTITUTIONAL_GUIDANCE_LIMITED,"Malaysian Agricultural Research and Development Institute (MARDI), Technology and Horticulture",https://fms.mardi.gov.my/en/penyelidikan/horticulture.html,"MARDI post-harvest handling, storage and cold-chain technology page. Exact numeric table row was not supplied with the source label. Supplied source label: MARDI Herbal Processing Division / DOA Malaysia",30-60 days,
425,4,138,2,180,365,272.5,AVAILABLE,HIGH,CATEGORY_GENERALIZATION,"National Center for Home Food Preservation, frozen-food storage guidance",https://nchfp.uga.edu/how/freeze/freeze-general-information/how-long-can-i-store-frozen-foods/,General frozen fruits and vegetables guidance: 8-12 months at 0 F (-18 C); freezing duration is quality guidance and typically assumes appropriate preparation/blanching. Supplied source label: USDA FoodKeeper / MARDI,180-365 days,
426,4,138,3,14,21,17.5,AVAILABLE,MEDIUM,INSTITUTIONAL_GUIDANCE_LIMITED,"Malaysian Agricultural Research and Development Institute (MARDI), Technology and Horticulture",https://fms.mardi.gov.my/en/penyelidikan/horticulture.html,"MARDI post-harvest handling, storage and cold-chain technology page. Exact numeric table row was not supplied with the source label. Supplied source label: MARDI Herbal Processing Division / DOA Malaysia",14-21 days,
427,4,139,1,5,7,6,AVAILABLE,MEDIUM,INSTITUTIONAL_GUIDANCE_LIMITED,"Malaysian Agricultural Research and Development Institute (MARDI), Technology and Horticulture",https://fms.mardi.gov.my/en/penyelidikan/horticulture.html,"MARDI post-harvest handling, storage and cold-chain technology page. Exact numeric table row was not supplied with the source label. Supplied source label: MARDI Postharvest Technology Bulletin",5-7 days,
428,4,139,2,180,240,210,AVAILABLE,HIGH,CATEGORY_GENERALIZATION,"National Center for Home Food Preservation, frozen-food storage guidance",https://nchfp.uga.edu/how/freeze/freeze-general-information/how-long-can-i-store-frozen-foods/,General frozen fruits and vegetables guidance: 8-12 months at 0 F (-18 C); freezing duration is quality guidance and typically assumes appropriate preparation/blanching. Supplied source label: MARDI Food Processing Manual,180-240 days,
429,4,139,3,1,2,1.5,AVAILABLE,MEDIUM,INSTITUTIONAL_GUIDANCE_LIMITED,"Malaysian Agricultural Research and Development Institute (MARDI), Technology and Horticulture",https://fms.mardi.gov.my/en/penyelidikan/horticulture.html,"MARDI post-harvest handling, storage and cold-chain technology page. Exact numeric table row was not supplied with the source label. Supplied source label: MARDI Postharvest Technology Bulletin",1-2 days,
430,4,140,1,14,21,17.5,AVAILABLE,MEDIUM,INSTITUTIONAL_GUIDANCE_LIMITED,"Malaysian Agricultural Research and Development Institute (MARDI), Technology and Horticulture",https://fms.mardi.gov.my/en/penyelidikan/horticulture.html,"MARDI post-harvest handling, storage and cold-chain technology page. Exact numeric table row was not supplied with the source label. Supplied source label: MARDI Herbs & Spices Guidelines / DOA Malaysia",14-21 days,
431,4,140,2,180,365,272.5,AVAILABLE,HIGH,CATEGORY_GENERALIZATION,"National Center for Home Food Preservation, frozen-food storage guidance",https://nchfp.uga.edu/how/freeze/freeze-general-information/how-long-can-i-store-frozen-foods/,General frozen fruits and vegetables guidance: 8-12 months at 0 F (-18 C); freezing duration is quality guidance and typically assumes appropriate preparation/blanching. Supplied source label: USDA FoodKeeper / MARDI,180-365 days,
432,4,140,3,2,3,2.5,AVAILABLE,MEDIUM,INSTITUTIONAL_GUIDANCE_LIMITED,"Malaysian Agricultural Research and Development Institute (MARDI), Technology and Horticulture",https://fms.mardi.gov.my/en/penyelidikan/horticulture.html,"MARDI post-harvest handling, storage and cold-chain technology page. Exact numeric table row was not supplied with the source label. Supplied source label: MARDI Herbs & Spices Guidelines / DOA Malaysia",2-3 days,
433,4,141,1,7,14,10.5,AVAILABLE,MEDIUM,INSTITUTIONAL_GUIDANCE_LIMITED,"Malaysian Agricultural Research and Development Institute (MARDI), Technology and Horticulture",https://fms.mardi.gov.my/en/penyelidikan/horticulture.html,"MARDI post-harvest handling, storage and cold-chain technology page. Exact numeric table row was not supplied with the source label. Supplied source label: MARDI Food Technology Manual / DOA Malaysia",7-14 days,
434,4,141,2,180,365,272.5,AVAILABLE,HIGH,CATEGORY_GENERALIZATION,"National Center for Home Food Preservation, frozen-food storage guidance",https://nchfp.uga.edu/how/freeze/freeze-general-information/how-long-can-i-store-frozen-foods/,General frozen fruits and vegetables guidance: 8-12 months at 0 F (-18 C); freezing duration is quality guidance and typically assumes appropriate preparation/blanching. Supplied source label: MARDI Food Technology Manual,180-365 days,
435,4,141,3,2,3,2.5,AVAILABLE,MEDIUM,INSTITUTIONAL_GUIDANCE_LIMITED,"Malaysian Agricultural Research and Development Institute (MARDI), Technology and Horticulture",https://fms.mardi.gov.my/en/penyelidikan/horticulture.html,"MARDI post-harvest handling, storage and cold-chain technology page. Exact numeric table row was not supplied with the source label. Supplied source label: MARDI Food Technology Manual / DOA Malaysia",2-3 days,
436,4,142,1,14,21,17.5,AVAILABLE,MEDIUM,INSTITUTIONAL_GUIDANCE_LIMITED,"Malaysian Agricultural Research and Development Institute (MARDI), Technology and Horticulture",https://fms.mardi.gov.my/en/penyelidikan/horticulture.html,"MARDI post-harvest handling, storage and cold-chain technology page. Exact numeric table row was not supplied with the source label. Supplied source label: MARDI Herbs Guidelines / DOA Malaysia",14-21 days,
437,4,142,2,180,365,272.5,AVAILABLE,HIGH,CATEGORY_GENERALIZATION,"National Center for Home Food Preservation, frozen-food storage guidance",https://nchfp.uga.edu/how/freeze/freeze-general-information/how-long-can-i-store-frozen-foods/,General frozen fruits and vegetables guidance: 8-12 months at 0 F (-18 C); freezing duration is quality guidance and typically assumes appropriate preparation/blanching. Supplied source label: USDA FoodKeeper / MARDI,180-365 days,
438,4,142,3,2,4,3,AVAILABLE,MEDIUM,INSTITUTIONAL_GUIDANCE_LIMITED,"Malaysian Agricultural Research and Development Institute (MARDI), Technology and Horticulture",https://fms.mardi.gov.my/en/penyelidikan/horticulture.html,"MARDI post-harvest handling, storage and cold-chain technology page. Exact numeric table row was not supplied with the source label. Supplied source label: MARDI Herbs Guidelines / DOA Malaysia",2-4 days,
439,4,143,1,7,7,7,AVAILABLE,HIGH,PRODUCT_SPECIFIC,USDA FoodKeeper open dataset,https://catalog.data.gov/dataset/fsis-foodkeeper-data,FoodKeeper row: Onions — spring or green; Official XLS: https://www.fsis.usda.gov/shared/data/EN/FoodKeeper-Data.xls; structured review CSV: https://raw.githubusercontent.com/jelera/food-shelflife-db/master/lib/seeds/ingredients.csv,1-1 Weeks refrigerated; normalized to 7-7 days,FoodKeeper value normalized to days (1 week = 7 days; 1 month = 30 days). Product catalogue name retained unchanged.
440,4,143,2,300,360,330,AVAILABLE,HIGH,PRODUCT_SPECIFIC,USDA FoodKeeper open dataset,https://catalog.data.gov/dataset/fsis-foodkeeper-data,FoodKeeper row: Onions — spring or green; Official XLS: https://www.fsis.usda.gov/shared/data/EN/FoodKeeper-Data.xls; structured review CSV: https://raw.githubusercontent.com/jelera/food-shelflife-db/master/lib/seeds/ingredients.csv,10-12 Months frozen; normalized to 300-360 days,FoodKeeper value normalized to days (1 week = 7 days; 1 month = 30 days). Product catalogue name retained unchanged.
441,4,143,3,1,2,1.5,AVAILABLE,MEDIUM,PRODUCT_SPECIFIC_TEMPERATURE_LIMITED,UC Davis Produce Fact Sheet: Spring Onion,https://postharvest.ucdavis.edu/produce-facts-sheets/onions-green-bunch,Postharvest Handling and Storage section for Spring Onion. Published storage temperature can differ from the schema's 0-4 C fridge profile; see handling note. Supplied source label: Singapore Food Agency (SFA),1-2 days,Published optimum temperature may differ from the schema FRIDGE profile (0-4 C); retain this limitation and inspect product quality.
442,4,144,1,14,21,17.5,AVAILABLE,HIGH,PRODUCT_SPECIFIC,USDA FoodKeeper open dataset,https://catalog.data.gov/dataset/fsis-foodkeeper-data,FoodKeeper row: Chives — (no subtitle); Official XLS: https://www.fsis.usda.gov/shared/data/EN/FoodKeeper-Data.xls; structured review CSV: https://raw.githubusercontent.com/jelera/food-shelflife-db/master/lib/seeds/ingredients.csv,2-3 Weeks refrigerated; normalized to 14-21 days,FoodKeeper value normalized to days (1 week = 7 days; 1 month = 30 days). Product catalogue name retained unchanged.
443,4,144,2,120,180,150,AVAILABLE,HIGH,CATEGORY_GENERALIZATION,"National Center for Home Food Preservation, frozen-food storage guidance",https://nchfp.uga.edu/how/freeze/freeze-general-information/how-long-can-i-store-frozen-foods/,General frozen fruits and vegetables guidance: 8-12 months at 0 F (-18 C); freezing duration is quality guidance and typically assumes appropriate preparation/blanching. Supplied source label: USDA FoodKeeper,120-180 days,
444,4,144,3,1,2,1.5,AVAILABLE,MEDIUM,INSTITUTIONAL_GUIDANCE_LIMITED,Singapore Food Agency Food Safety Tips,https://www.sfa.gov.sg/food-safety-tips/safe-food-practices/food-safety-tips,Storing food at safe temperatures and raw food handling. Exact numeric table row was not supplied with the source label. Supplied source label: Singapore Food Agency (SFA),1-2 days,
445,4,145,1,7,14,10.5,AVAILABLE,HIGH,PRODUCT_SPECIFIC,USDA FoodKeeper open dataset,https://catalog.data.gov/dataset/fsis-foodkeeper-data,FoodKeeper row: Celery — (no subtitle); Official XLS: https://www.fsis.usda.gov/shared/data/EN/FoodKeeper-Data.xls; structured review CSV: https://raw.githubusercontent.com/jelera/food-shelflife-db/master/lib/seeds/ingredients.csv,1-2 Weeks refrigerated; normalized to 7-14 days,FoodKeeper value normalized to days (1 week = 7 days; 1 month = 30 days). Product catalogue name retained unchanged.
446,4,145,2,300,360,330,AVAILABLE,HIGH,PRODUCT_SPECIFIC,USDA FoodKeeper open dataset,https://catalog.data.gov/dataset/fsis-foodkeeper-data,FoodKeeper row: Celery — (no subtitle); Official XLS: https://www.fsis.usda.gov/shared/data/EN/FoodKeeper-Data.xls; structured review CSV: https://raw.githubusercontent.com/jelera/food-shelflife-db/master/lib/seeds/ingredients.csv,10-12 Months frozen; normalized to 300-360 days,FoodKeeper value normalized to days (1 week = 7 days; 1 month = 30 days). Product catalogue name retained unchanged.
447,4,145,3,1,2,1.5,AVAILABLE,MEDIUM,PRODUCT_SPECIFIC_TEMPERATURE_LIMITED,UC Davis Produce Fact Sheet: Chinese Celery,https://postharvest.ucdavis.edu/produce-facts-sheets/celery,Postharvest Handling and Storage section for Chinese Celery. Published storage temperature can differ from the schema's 0-4 C fridge profile; see handling note. Supplied source label: Singapore Food Agency (SFA),1-2 days,Published optimum temperature may differ from the schema FRIDGE profile (0-4 C); retain this limitation and inspect product quality.
448,4,146,1,14,21,17.5,AVAILABLE,HIGH,PRODUCT_SPECIFIC,USDA FoodKeeper open dataset,https://catalog.data.gov/dataset/fsis-foodkeeper-data,FoodKeeper row: Cilantro — (no subtitle); Official XLS: https://www.fsis.usda.gov/shared/data/EN/FoodKeeper-Data.xls; structured review CSV: https://raw.githubusercontent.com/jelera/food-shelflife-db/master/lib/seeds/ingredients.csv,2-3 Weeks refrigerated; normalized to 14-21 days,FoodKeeper value normalized to days (1 week = 7 days; 1 month = 30 days). Product catalogue name retained unchanged.
449,4,146,2,120,180,150,AVAILABLE,HIGH,CATEGORY_GENERALIZATION,"National Center for Home Food Preservation, frozen-food storage guidance",https://nchfp.uga.edu/how/freeze/freeze-general-information/how-long-can-i-store-frozen-foods/,General frozen fruits and vegetables guidance: 8-12 months at 0 F (-18 C); freezing duration is quality guidance and typically assumes appropriate preparation/blanching. Supplied source label: USDA FoodKeeper,120-180 days,
450,4,146,3,1,2,1.5,AVAILABLE,MEDIUM,PRODUCT_SPECIFIC_TEMPERATURE_LIMITED,UC Davis Produce Fact Sheet: Coriander,https://postharvest.ucdavis.edu/produce-facts-sheets/herbs-fresh-culinary,Postharvest Handling and Storage section for Coriander. Published storage temperature can differ from the schema's 0-4 C fridge profile; see handling note. Supplied source label: Singapore Food Agency (SFA),1-2 days,Published optimum temperature may differ from the schema FRIDGE profile (0-4 C); retain this limitation and inspect product quality.
451,4,147,1,10,14,12,AVAILABLE,HIGH,PRODUCT_SPECIFIC,USDA FoodKeeper open dataset,https://catalog.data.gov/dataset/fsis-foodkeeper-data,FoodKeeper row: Radishes — (no subtitle); Official XLS: https://www.fsis.usda.gov/shared/data/EN/FoodKeeper-Data.xls; structured review CSV: https://raw.githubusercontent.com/jelera/food-shelflife-db/master/lib/seeds/ingredients.csv,10-14 Days refrigerated; normalized to 10-14 days,FoodKeeper value normalized to days (1 week = 7 days; 1 month = 30 days). Product catalogue name retained unchanged.
452,4,147,2,240,300,270,AVAILABLE,HIGH,CATEGORY_GENERALIZATION,"National Center for Home Food Preservation, frozen-food storage guidance",https://nchfp.uga.edu/how/freeze/freeze-general-information/how-long-can-i-store-frozen-foods/,General frozen fruits and vegetables guidance: 8-12 months at 0 F (-18 C); freezing duration is quality guidance and typically assumes appropriate preparation/blanching. Supplied source label: UC Davis Postharvest Technology Center,240-300 days,
453,4,147,3,3,5,4,AVAILABLE,MEDIUM,PRODUCT_SPECIFIC_TEMPERATURE_LIMITED,UC Davis Produce Fact Sheet: Daikon Radish,https://postharvest.ucdavis.edu/produce-facts-sheets/radish,Postharvest Handling and Storage section for Daikon Radish. Published storage temperature can differ from the schema's 0-4 C fridge profile; see handling note. Supplied source label: SFA Food Storage Guidelines,3-5 days,Published optimum temperature may differ from the schema FRIDGE profile (0-4 C); retain this limitation and inspect product quality.
454,4,148,1,14,21,17.5,AVAILABLE,HIGH,PRODUCT_SPECIFIC,USDA FoodKeeper open dataset,https://catalog.data.gov/dataset/fsis-foodkeeper-data,"FoodKeeper row: Carrots, parsnips — (no subtitle); Official XLS: https://www.fsis.usda.gov/shared/data/EN/FoodKeeper-Data.xls; structured review CSV: https://raw.githubusercontent.com/jelera/food-shelflife-db/master/lib/seeds/ingredients.csv",2-3 Weeks refrigerated; normalized to 14-21 days,FoodKeeper value normalized to days (1 week = 7 days; 1 month = 30 days). Product catalogue name retained unchanged.
455,4,148,2,300,360,330,AVAILABLE,HIGH,PRODUCT_SPECIFIC,USDA FoodKeeper open dataset,https://catalog.data.gov/dataset/fsis-foodkeeper-data,"FoodKeeper row: Carrots, parsnips — (no subtitle); Official XLS: https://www.fsis.usda.gov/shared/data/EN/FoodKeeper-Data.xls; structured review CSV: https://raw.githubusercontent.com/jelera/food-shelflife-db/master/lib/seeds/ingredients.csv",10-12 Months frozen; normalized to 300-360 days,FoodKeeper value normalized to days (1 week = 7 days; 1 month = 30 days). Product catalogue name retained unchanged.
456,4,148,3,7,14,10.5,AVAILABLE,MEDIUM,PRODUCT_SPECIFIC_TEMPERATURE_LIMITED,UC Davis Produce Fact Sheet: Carrot,https://postharvest.ucdavis.edu/produce-facts-sheets/carrot,Postharvest Handling and Storage section for Carrot. Published storage temperature can differ from the schema's 0-4 C fridge profile; see handling note. Supplied source label: Singapore Food Agency (SFA),7-14 days,Published optimum temperature may differ from the schema FRIDGE profile (0-4 C); retain this limitation and inspect product quality.
457,4,149,1,14,21,17.5,AVAILABLE,HIGH,PRODUCT_SPECIFIC,USDA FoodKeeper open dataset,https://catalog.data.gov/dataset/fsis-foodkeeper-data,FoodKeeper row: Jicama — fresh; Official XLS: https://www.fsis.usda.gov/shared/data/EN/FoodKeeper-Data.xls; structured review CSV: https://raw.githubusercontent.com/jelera/food-shelflife-db/master/lib/seeds/ingredients.csv,2-3 Weeks refrigerated; normalized to 14-21 days,FoodKeeper value normalized to days (1 week = 7 days; 1 month = 30 days). Product catalogue name retained unchanged.
458,4,149,2,0,0,,NOT_RECOMMENDED,HIGH,PRODUCT_GROUP_TABLE,USDA FSIS FoodKeeper Data,https://catalog.data.gov/dataset/fsis-foodkeeper-data,FoodKeeper Data English distribution; product/freezer entry (where supplied data says freezing is not recommended). Supplied source label: MARDI Postharvest / SFA - Freezing Not Recommended,0 days; supplied source labels this storage condition Not Recommended.,Display a warning; do not calculate an endorsed expiry date for this storage condition.
459,4,149,3,7,14,10.5,AVAILABLE,MEDIUM,PRODUCT_SPECIFIC_TEMPERATURE_LIMITED,UC Davis Produce Fact Sheet: Jicama,https://postharvest.ucdavis.edu/produce-facts-sheets/jicama,Postharvest Handling and Storage section for Jicama. Published storage temperature can differ from the schema's 0-4 C fridge profile; see handling note. Supplied source label: MARDI Postharvest Quality Manual / DOA Malaysia,7-14 days,Published optimum temperature may differ from the schema FRIDGE profile (0-4 C); retain this limitation and inspect product quality.
460,4,150,1,10,14,12,AVAILABLE,MEDIUM,INSTITUTIONAL_GUIDANCE_LIMITED,Singapore Food Agency Food Safety Tips,https://www.sfa.gov.sg/food-safety-tips/safe-food-practices/food-safety-tips,Storing food at safe temperatures and raw food handling. Exact numeric table row was not supplied with the source label. Supplied source label: Singapore Food Agency (SFA) / UC Davis Postharvest,10-14 days,
461,4,150,2,240,300,270,AVAILABLE,HIGH,CATEGORY_GENERALIZATION,"National Center for Home Food Preservation, frozen-food storage guidance",https://nchfp.uga.edu/how/freeze/freeze-general-information/how-long-can-i-store-frozen-foods/,General frozen fruits and vegetables guidance: 8-12 months at 0 F (-18 C); freezing duration is quality guidance and typically assumes appropriate preparation/blanching. Supplied source label: USDA FoodKeeper / UC Davis Postharvest,240-300 days,
462,4,150,3,2,4,3,AVAILABLE,MEDIUM,INSTITUTIONAL_GUIDANCE_LIMITED,Singapore Food Agency Food Safety Tips,https://www.sfa.gov.sg/food-safety-tips/safe-food-practices/food-safety-tips,Storing food at safe temperatures and raw food handling. Exact numeric table row was not supplied with the source label. Supplied source label: Singapore Food Agency (SFA),2-4 days,
463,2,151,1,1,2,1.5,AVAILABLE,HIGH,PRODUCT_SPECIFIC,USDA FoodKeeper open dataset,https://catalog.data.gov/dataset/fsis-foodkeeper-data,FoodKeeper row: Chicken — whole; Official XLS: https://www.fsis.usda.gov/shared/data/EN/FoodKeeper-Data.xls; structured review CSV: https://raw.githubusercontent.com/jelera/food-shelflife-db/master/lib/seeds/ingredients.csv,1-2 Days refrigerated; normalized to 1-2 days,FoodKeeper value normalized to days (1 week = 7 days; 1 month = 30 days). Product catalogue name retained unchanged.
464,2,151,2,360,360,360,AVAILABLE,HIGH,PRODUCT_SPECIFIC,USDA FoodKeeper open dataset,https://catalog.data.gov/dataset/fsis-foodkeeper-data,FoodKeeper row: Chicken — whole; Official XLS: https://www.fsis.usda.gov/shared/data/EN/FoodKeeper-Data.xls; structured review CSV: https://raw.githubusercontent.com/jelera/food-shelflife-db/master/lib/seeds/ingredients.csv,12-12 Months frozen; normalized to 360-360 days,FoodKeeper value normalized to days (1 week = 7 days; 1 month = 30 days). Product catalogue name retained unchanged.
465,2,151,3,0,0,,NOT_RECOMMENDED,HIGH,FOOD_SAFETY_LIMIT,Singapore Food Agency Food Handlers Handbook,https://www.sfa.gov.sg/docs/default-source/our-services/food-handler%27s-handbook-%28english%29.pdf,"Food Handlers Handbook, section 8.1 Storage of Food: food in the 5-60 C danger zone should not be held at room temperature for more than 2 hours. Supplied source label: MOH/KKM / SFA - Room Temperature Storage Not Recommended",0 days; supplied source labels this storage condition Not Recommended.,Display a warning; do not calculate an endorsed expiry date for this storage condition.
466,2,152,1,1,2,1.5,AVAILABLE,HIGH,PRODUCT_SPECIFIC,USDA FoodKeeper open dataset,https://catalog.data.gov/dataset/fsis-foodkeeper-data,"FoodKeeper row: Chicken parts — breast halves, boneless; Official XLS: https://www.fsis.usda.gov/shared/data/EN/FoodKeeper-Data.xls; structured review CSV: https://raw.githubusercontent.com/jelera/food-shelflife-db/master/lib/seeds/ingredients.csv",1-2 Days refrigerated; normalized to 1-2 days,FoodKeeper value normalized to days (1 week = 7 days; 1 month = 30 days). Product catalogue name retained unchanged.
467,2,152,2,270,270,270,AVAILABLE,HIGH,PRODUCT_SPECIFIC,USDA FoodKeeper open dataset,https://catalog.data.gov/dataset/fsis-foodkeeper-data,"FoodKeeper row: Chicken parts — breast halves, boneless; Official XLS: https://www.fsis.usda.gov/shared/data/EN/FoodKeeper-Data.xls; structured review CSV: https://raw.githubusercontent.com/jelera/food-shelflife-db/master/lib/seeds/ingredients.csv",9-9 Months frozen; normalized to 270-270 days,FoodKeeper value normalized to days (1 week = 7 days; 1 month = 30 days). Product catalogue name retained unchanged.
468,2,152,3,0,0,,NOT_RECOMMENDED,HIGH,FOOD_SAFETY_LIMIT,Singapore Food Agency Food Handlers Handbook,https://www.sfa.gov.sg/docs/default-source/our-services/food-handler%27s-handbook-%28english%29.pdf,"Food Handlers Handbook, section 8.1 Storage of Food: food in the 5-60 C danger zone should not be held at room temperature for more than 2 hours. Supplied source label: MOH/KKM / SFA - Room Temperature Storage Not Recommended",0 days; supplied source labels this storage condition Not Recommended.,Display a warning; do not calculate an endorsed expiry date for this storage condition.
469,2,153,1,1,2,1.5,AVAILABLE,HIGH,PRODUCT_SPECIFIC,USDA FoodKeeper open dataset,https://catalog.data.gov/dataset/fsis-foodkeeper-data,FoodKeeper row: Chicken parts — legs or thighs; Official XLS: https://www.fsis.usda.gov/shared/data/EN/FoodKeeper-Data.xls; structured review CSV: https://raw.githubusercontent.com/jelera/food-shelflife-db/master/lib/seeds/ingredients.csv,1-2 Days refrigerated; normalized to 1-2 days,FoodKeeper value normalized to days (1 week = 7 days; 1 month = 30 days). Product catalogue name retained unchanged.
470,2,153,2,270,270,270,AVAILABLE,HIGH,PRODUCT_SPECIFIC,USDA FoodKeeper open dataset,https://catalog.data.gov/dataset/fsis-foodkeeper-data,FoodKeeper row: Chicken parts — legs or thighs; Official XLS: https://www.fsis.usda.gov/shared/data/EN/FoodKeeper-Data.xls; structured review CSV: https://raw.githubusercontent.com/jelera/food-shelflife-db/master/lib/seeds/ingredients.csv,9-9 Months frozen; normalized to 270-270 days,FoodKeeper value normalized to days (1 week = 7 days; 1 month = 30 days). Product catalogue name retained unchanged.
471,2,153,3,0,0,,NOT_RECOMMENDED,HIGH,FOOD_SAFETY_LIMIT,Singapore Food Agency Food Handlers Handbook,https://www.sfa.gov.sg/docs/default-source/our-services/food-handler%27s-handbook-%28english%29.pdf,"Food Handlers Handbook, section 8.1 Storage of Food: food in the 5-60 C danger zone should not be held at room temperature for more than 2 hours. Supplied source label: MOH/KKM / SFA - Room Temperature Storage Not Recommended",0 days; supplied source labels this storage condition Not Recommended.,Display a warning; do not calculate an endorsed expiry date for this storage condition.
472,2,154,1,1,2,1.5,AVAILABLE,HIGH,PRODUCT_SPECIFIC,USDA FoodKeeper open dataset,https://catalog.data.gov/dataset/fsis-foodkeeper-data,FoodKeeper row: Chicken parts — legs or thighs; Official XLS: https://www.fsis.usda.gov/shared/data/EN/FoodKeeper-Data.xls; structured review CSV: https://raw.githubusercontent.com/jelera/food-shelflife-db/master/lib/seeds/ingredients.csv,1-2 Days refrigerated; normalized to 1-2 days,FoodKeeper value normalized to days (1 week = 7 days; 1 month = 30 days). Product catalogue name retained unchanged.
473,2,154,2,270,270,270,AVAILABLE,HIGH,PRODUCT_SPECIFIC,USDA FoodKeeper open dataset,https://catalog.data.gov/dataset/fsis-foodkeeper-data,FoodKeeper row: Chicken parts — legs or thighs; Official XLS: https://www.fsis.usda.gov/shared/data/EN/FoodKeeper-Data.xls; structured review CSV: https://raw.githubusercontent.com/jelera/food-shelflife-db/master/lib/seeds/ingredients.csv,9-9 Months frozen; normalized to 270-270 days,FoodKeeper value normalized to days (1 week = 7 days; 1 month = 30 days). Product catalogue name retained unchanged.
474,2,154,3,0,0,,NOT_RECOMMENDED,HIGH,FOOD_SAFETY_LIMIT,Singapore Food Agency Food Handlers Handbook,https://www.sfa.gov.sg/docs/default-source/our-services/food-handler%27s-handbook-%28english%29.pdf,"Food Handlers Handbook, section 8.1 Storage of Food: food in the 5-60 C danger zone should not be held at room temperature for more than 2 hours. Supplied source label: MOH/KKM / SFA - Room Temperature Storage Not Recommended",0 days; supplied source labels this storage condition Not Recommended.,Display a warning; do not calculate an endorsed expiry date for this storage condition.
475,2,155,1,1,2,1.5,AVAILABLE,MEDIUM,PRODUCT_GROUP_TABLE,"University of Maine Cooperative Extension, Bulletin #4107, Cold Storage Chart",https://extension.umaine.edu/publications/4107e/,"Cold Storage Chart: fresh poultry, pieces; refrigerator 40 F / freezer 0 F table. This public USDA-reprinted chart is used to verify the supplied value. Supplied source label: Ministry of Health Malaysia (MOH/KKM) / Singapore Food Agency (SFA)",1-2 days,
476,2,155,2,180,270,225,AVAILABLE,MEDIUM,PRODUCT_GROUP_TABLE,"University of Maine Cooperative Extension, Bulletin #4107, Cold Storage Chart",https://extension.umaine.edu/publications/4107e/,"Cold Storage Chart: fresh poultry, pieces; refrigerator 40 F / freezer 0 F table. This public USDA-reprinted chart is used to verify the supplied value. Supplied source label: Ministry of Health Malaysia (MOH/KKM) Panduan Menyimpan Makanan",180-270 days,
477,2,155,3,0,0,,NOT_RECOMMENDED,HIGH,FOOD_SAFETY_LIMIT,Singapore Food Agency Food Handlers Handbook,https://www.sfa.gov.sg/docs/default-source/our-services/food-handler%27s-handbook-%28english%29.pdf,"Food Handlers Handbook, section 8.1 Storage of Food: food in the 5-60 C danger zone should not be held at room temperature for more than 2 hours. Supplied source label: MOH/KKM / SFA - Room Temperature Storage Not Recommended",0 days; supplied source labels this storage condition Not Recommended.,Display a warning; do not calculate an endorsed expiry date for this storage condition.
478,2,156,1,2,3,2.5,AVAILABLE,MEDIUM,PRODUCT_GROUP_TABLE,"University of Maine Cooperative Extension, Bulletin #4107, Cold Storage Chart",https://extension.umaine.edu/publications/4107e/,Cold Storage Chart: raw meat and poultry; refrigerator 40 F / freezer 0 F table. This public USDA-reprinted chart is used to verify the supplied value. Supplied source label: Singapore Food Agency (SFA) / DVS Malaysia,2-3 days,
479,2,156,2,180,240,210,AVAILABLE,MEDIUM,PRODUCT_GROUP_TABLE,"University of Maine Cooperative Extension, Bulletin #4107, Cold Storage Chart",https://extension.umaine.edu/publications/4107e/,Cold Storage Chart: raw meat and poultry; refrigerator 40 F / freezer 0 F table. This public USDA-reprinted chart is used to verify the supplied value. Supplied source label: Singapore Food Agency (SFA) / USDA FoodKeeper,180-240 days,
480,2,156,3,0,0,,NOT_RECOMMENDED,HIGH,FOOD_SAFETY_LIMIT,Singapore Food Agency Food Handlers Handbook,https://www.sfa.gov.sg/docs/default-source/our-services/food-handler%27s-handbook-%28english%29.pdf,"Food Handlers Handbook, section 8.1 Storage of Food: food in the 5-60 C danger zone should not be held at room temperature for more than 2 hours. Supplied source label: MOH/KKM / SFA - Room Temperature Storage Not Recommended",0 days; supplied source labels this storage condition Not Recommended.,Display a warning; do not calculate an endorsed expiry date for this storage condition.
481,2,157,1,1,2,1.5,AVAILABLE,HIGH,PRODUCT_SPECIFIC,USDA FoodKeeper open dataset,https://catalog.data.gov/dataset/fsis-foodkeeper-data,FoodKeeper row: Ground turkey or chicken — (no subtitle); Official XLS: https://www.fsis.usda.gov/shared/data/EN/FoodKeeper-Data.xls; structured review CSV: https://raw.githubusercontent.com/jelera/food-shelflife-db/master/lib/seeds/ingredients.csv,1-2 Days refrigerated; normalized to 1-2 days,FoodKeeper value normalized to days (1 week = 7 days; 1 month = 30 days). Product catalogue name retained unchanged.
482,2,157,2,90,120,105,AVAILABLE,HIGH,PRODUCT_SPECIFIC,USDA FoodKeeper open dataset,https://catalog.data.gov/dataset/fsis-foodkeeper-data,FoodKeeper row: Ground turkey or chicken — (no subtitle); Official XLS: https://www.fsis.usda.gov/shared/data/EN/FoodKeeper-Data.xls; structured review CSV: https://raw.githubusercontent.com/jelera/food-shelflife-db/master/lib/seeds/ingredients.csv,3-4 Months frozen; normalized to 90-120 days,FoodKeeper value normalized to days (1 week = 7 days; 1 month = 30 days). Product catalogue name retained unchanged.
483,2,157,3,0,0,,NOT_RECOMMENDED,HIGH,FOOD_SAFETY_LIMIT,Singapore Food Agency Food Handlers Handbook,https://www.sfa.gov.sg/docs/default-source/our-services/food-handler%27s-handbook-%28english%29.pdf,"Food Handlers Handbook, section 8.1 Storage of Food: food in the 5-60 C danger zone should not be held at room temperature for more than 2 hours. Supplied source label: MOH/KKM / SFA - Room Temperature Storage Not Recommended",0 days; supplied source labels this storage condition Not Recommended.,Display a warning; do not calculate an endorsed expiry date for this storage condition.
484,2,158,1,1,2,1.5,AVAILABLE,HIGH,PRODUCT_SPECIFIC,USDA FoodKeeper open dataset,https://catalog.data.gov/dataset/fsis-foodkeeper-data,FoodKeeper row: Giblets — (no subtitle); Official XLS: https://www.fsis.usda.gov/shared/data/EN/FoodKeeper-Data.xls; structured review CSV: https://raw.githubusercontent.com/jelera/food-shelflife-db/master/lib/seeds/ingredients.csv,1-2 Days refrigerated; normalized to 1-2 days,FoodKeeper value normalized to days (1 week = 7 days; 1 month = 30 days). Product catalogue name retained unchanged.
485,2,158,2,90,120,105,AVAILABLE,HIGH,PRODUCT_SPECIFIC,USDA FoodKeeper open dataset,https://catalog.data.gov/dataset/fsis-foodkeeper-data,FoodKeeper row: Giblets — (no subtitle); Official XLS: https://www.fsis.usda.gov/shared/data/EN/FoodKeeper-Data.xls; structured review CSV: https://raw.githubusercontent.com/jelera/food-shelflife-db/master/lib/seeds/ingredients.csv,3-4 Months frozen; normalized to 90-120 days,FoodKeeper value normalized to days (1 week = 7 days; 1 month = 30 days). Product catalogue name retained unchanged.
486,2,158,3,0,0,,NOT_RECOMMENDED,HIGH,FOOD_SAFETY_LIMIT,Singapore Food Agency Food Handlers Handbook,https://www.sfa.gov.sg/docs/default-source/our-services/food-handler%27s-handbook-%28english%29.pdf,"Food Handlers Handbook, section 8.1 Storage of Food: food in the 5-60 C danger zone should not be held at room temperature for more than 2 hours. Supplied source label: MOH/KKM / SFA - Room Temperature Storage Not Recommended",0 days; supplied source labels this storage condition Not Recommended.,Display a warning; do not calculate an endorsed expiry date for this storage condition.
487,2,159,1,1,2,1.5,AVAILABLE,HIGH,PRODUCT_SPECIFIC,USDA FoodKeeper open dataset,https://catalog.data.gov/dataset/fsis-foodkeeper-data,FoodKeeper row: Giblets — (no subtitle); Official XLS: https://www.fsis.usda.gov/shared/data/EN/FoodKeeper-Data.xls; structured review CSV: https://raw.githubusercontent.com/jelera/food-shelflife-db/master/lib/seeds/ingredients.csv,1-2 Days refrigerated; normalized to 1-2 days,FoodKeeper value normalized to days (1 week = 7 days; 1 month = 30 days). Product catalogue name retained unchanged.
488,2,159,2,90,120,105,AVAILABLE,HIGH,PRODUCT_SPECIFIC,USDA FoodKeeper open dataset,https://catalog.data.gov/dataset/fsis-foodkeeper-data,FoodKeeper row: Giblets — (no subtitle); Official XLS: https://www.fsis.usda.gov/shared/data/EN/FoodKeeper-Data.xls; structured review CSV: https://raw.githubusercontent.com/jelera/food-shelflife-db/master/lib/seeds/ingredients.csv,3-4 Months frozen; normalized to 90-120 days,FoodKeeper value normalized to days (1 week = 7 days; 1 month = 30 days). Product catalogue name retained unchanged.
489,2,159,3,0,0,,NOT_RECOMMENDED,HIGH,FOOD_SAFETY_LIMIT,Singapore Food Agency Food Handlers Handbook,https://www.sfa.gov.sg/docs/default-source/our-services/food-handler%27s-handbook-%28english%29.pdf,"Food Handlers Handbook, section 8.1 Storage of Food: food in the 5-60 C danger zone should not be held at room temperature for more than 2 hours. Supplied source label: MOH/KKM / SFA - Room Temperature Storage Not Recommended",0 days; supplied source labels this storage condition Not Recommended.,Display a warning; do not calculate an endorsed expiry date for this storage condition.
490,2,160,1,1,2,1.5,AVAILABLE,HIGH,PRODUCT_SPECIFIC,USDA FoodKeeper open dataset,https://catalog.data.gov/dataset/fsis-foodkeeper-data,FoodKeeper row: Chicken — whole; Official XLS: https://www.fsis.usda.gov/shared/data/EN/FoodKeeper-Data.xls; structured review CSV: https://raw.githubusercontent.com/jelera/food-shelflife-db/master/lib/seeds/ingredients.csv,1-2 Days refrigerated; normalized to 1-2 days,FoodKeeper value normalized to days (1 week = 7 days; 1 month = 30 days). Product catalogue name retained unchanged.
491,2,160,2,360,360,360,AVAILABLE,HIGH,PRODUCT_SPECIFIC,USDA FoodKeeper open dataset,https://catalog.data.gov/dataset/fsis-foodkeeper-data,FoodKeeper row: Chicken — whole; Official XLS: https://www.fsis.usda.gov/shared/data/EN/FoodKeeper-Data.xls; structured review CSV: https://raw.githubusercontent.com/jelera/food-shelflife-db/master/lib/seeds/ingredients.csv,12-12 Months frozen; normalized to 360-360 days,FoodKeeper value normalized to days (1 week = 7 days; 1 month = 30 days). Product catalogue name retained unchanged.
492,2,160,3,0,0,,NOT_RECOMMENDED,HIGH,FOOD_SAFETY_LIMIT,Singapore Food Agency Food Handlers Handbook,https://www.sfa.gov.sg/docs/default-source/our-services/food-handler%27s-handbook-%28english%29.pdf,"Food Handlers Handbook, section 8.1 Storage of Food: food in the 5-60 C danger zone should not be held at room temperature for more than 2 hours. Supplied source label: MOH/KKM / SFA - Room Temperature Storage Not Recommended",0 days; supplied source labels this storage condition Not Recommended.,Display a warning; do not calculate an endorsed expiry date for this storage condition.
493,2,161,1,1,2,1.5,AVAILABLE,HIGH,PRODUCT_SPECIFIC,USDA FoodKeeper open dataset,https://catalog.data.gov/dataset/fsis-foodkeeper-data,"FoodKeeper row: Duckling — domestic or wild, whole; Official XLS: https://www.fsis.usda.gov/shared/data/EN/FoodKeeper-Data.xls; structured review CSV: https://raw.githubusercontent.com/jelera/food-shelflife-db/master/lib/seeds/ingredients.csv",1-2 Days refrigerated; normalized to 1-2 days,FoodKeeper value normalized to days (1 week = 7 days; 1 month = 30 days). Product catalogue name retained unchanged.
494,2,161,2,180,180,180,AVAILABLE,HIGH,PRODUCT_SPECIFIC,USDA FoodKeeper open dataset,https://catalog.data.gov/dataset/fsis-foodkeeper-data,"FoodKeeper row: Duckling — domestic or wild, whole; Official XLS: https://www.fsis.usda.gov/shared/data/EN/FoodKeeper-Data.xls; structured review CSV: https://raw.githubusercontent.com/jelera/food-shelflife-db/master/lib/seeds/ingredients.csv",6-6 Months frozen; normalized to 180-180 days,FoodKeeper value normalized to days (1 week = 7 days; 1 month = 30 days). Product catalogue name retained unchanged.
495,2,161,3,0,0,,NOT_RECOMMENDED,HIGH,FOOD_SAFETY_LIMIT,Singapore Food Agency Food Handlers Handbook,https://www.sfa.gov.sg/docs/default-source/our-services/food-handler%27s-handbook-%28english%29.pdf,"Food Handlers Handbook, section 8.1 Storage of Food: food in the 5-60 C danger zone should not be held at room temperature for more than 2 hours. Supplied source label: MOH/KKM / SFA - Room Temperature Storage Not Recommended",0 days; supplied source labels this storage condition Not Recommended.,Display a warning; do not calculate an endorsed expiry date for this storage condition.
496,2,162,1,1,2,1.5,AVAILABLE,MEDIUM,PRODUCT_GROUP_TABLE,"University of Maine Cooperative Extension, Bulletin #4107, Cold Storage Chart",https://extension.umaine.edu/publications/4107e/,"Cold Storage Chart: fresh poultry, pieces; refrigerator 40 F / freezer 0 F table. This public USDA-reprinted chart is used to verify the supplied value. Supplied source label: Ministry of Health Malaysia (MOH/KKM) / Singapore Food Agency (SFA)",1-2 days,
497,2,162,2,180,270,225,AVAILABLE,MEDIUM,PRODUCT_GROUP_TABLE,"University of Maine Cooperative Extension, Bulletin #4107, Cold Storage Chart",https://extension.umaine.edu/publications/4107e/,"Cold Storage Chart: fresh poultry, pieces; refrigerator 40 F / freezer 0 F table. This public USDA-reprinted chart is used to verify the supplied value. Supplied source label: Ministry of Health Malaysia (MOH/KKM) Panduan Menyimpan Makanan",180-270 days,
498,2,162,3,0,0,,NOT_RECOMMENDED,HIGH,FOOD_SAFETY_LIMIT,Singapore Food Agency Food Handlers Handbook,https://www.sfa.gov.sg/docs/default-source/our-services/food-handler%27s-handbook-%28english%29.pdf,"Food Handlers Handbook, section 8.1 Storage of Food: food in the 5-60 C danger zone should not be held at room temperature for more than 2 hours. Supplied source label: MOH/KKM / SFA - Room Temperature Storage Not Recommended",0 days; supplied source labels this storage condition Not Recommended.,Display a warning; do not calculate an endorsed expiry date for this storage condition.
499,2,163,1,1,2,1.5,AVAILABLE,MEDIUM,PRODUCT_GROUP_TABLE,"University of Maine Cooperative Extension, Bulletin #4107, Cold Storage Chart",https://extension.umaine.edu/publications/4107e/,"Cold Storage Chart: fresh poultry, pieces; refrigerator 40 F / freezer 0 F table. This public USDA-reprinted chart is used to verify the supplied value. Supplied source label: Ministry of Health Malaysia (MOH/KKM) / Singapore Food Agency (SFA)",1-2 days,
500,2,163,2,180,270,225,AVAILABLE,MEDIUM,PRODUCT_GROUP_TABLE,"University of Maine Cooperative Extension, Bulletin #4107, Cold Storage Chart",https://extension.umaine.edu/publications/4107e/,"Cold Storage Chart: fresh poultry, pieces; refrigerator 40 F / freezer 0 F table. This public USDA-reprinted chart is used to verify the supplied value. Supplied source label: Ministry of Health Malaysia (MOH/KKM) Panduan Menyimpan Makanan",180-270 days,
501,2,163,3,0,0,,NOT_RECOMMENDED,HIGH,FOOD_SAFETY_LIMIT,Singapore Food Agency Food Handlers Handbook,https://www.sfa.gov.sg/docs/default-source/our-services/food-handler%27s-handbook-%28english%29.pdf,"Food Handlers Handbook, section 8.1 Storage of Food: food in the 5-60 C danger zone should not be held at room temperature for more than 2 hours. Supplied source label: MOH/KKM / SFA - Room Temperature Storage Not Recommended",0 days; supplied source labels this storage condition Not Recommended.,Display a warning; do not calculate an endorsed expiry date for this storage condition.
502,2,164,1,1,2,1.5,AVAILABLE,HIGH,PRODUCT_SPECIFIC,USDA FoodKeeper open dataset,https://catalog.data.gov/dataset/fsis-foodkeeper-data,FoodKeeper row: Quail — whole; Official XLS: https://www.fsis.usda.gov/shared/data/EN/FoodKeeper-Data.xls; structured review CSV: https://raw.githubusercontent.com/jelera/food-shelflife-db/master/lib/seeds/ingredients.csv,1-2 Days refrigerated; normalized to 1-2 days,FoodKeeper value normalized to days (1 week = 7 days; 1 month = 30 days). Product catalogue name retained unchanged.
503,2,164,2,180,180,180,AVAILABLE,HIGH,PRODUCT_SPECIFIC,USDA FoodKeeper open dataset,https://catalog.data.gov/dataset/fsis-foodkeeper-data,FoodKeeper row: Quail — whole; Official XLS: https://www.fsis.usda.gov/shared/data/EN/FoodKeeper-Data.xls; structured review CSV: https://raw.githubusercontent.com/jelera/food-shelflife-db/master/lib/seeds/ingredients.csv,6-6 Months frozen; normalized to 180-180 days,FoodKeeper value normalized to days (1 week = 7 days; 1 month = 30 days). Product catalogue name retained unchanged.
504,2,164,3,0,0,,NOT_RECOMMENDED,HIGH,FOOD_SAFETY_LIMIT,Singapore Food Agency Food Handlers Handbook,https://www.sfa.gov.sg/docs/default-source/our-services/food-handler%27s-handbook-%28english%29.pdf,"Food Handlers Handbook, section 8.1 Storage of Food: food in the 5-60 C danger zone should not be held at room temperature for more than 2 hours. Supplied source label: MOH/KKM / SFA - Room Temperature Storage Not Recommended",0 days; supplied source labels this storage condition Not Recommended.,Display a warning; do not calculate an endorsed expiry date for this storage condition.
505,2,165,1,3,5,4,AVAILABLE,HIGH,PRODUCT_SPECIFIC,USDA FoodKeeper open dataset,https://catalog.data.gov/dataset/fsis-foodkeeper-data,FoodKeeper row: Beef — steaks; Official XLS: https://www.fsis.usda.gov/shared/data/EN/FoodKeeper-Data.xls; structured review CSV: https://raw.githubusercontent.com/jelera/food-shelflife-db/master/lib/seeds/ingredients.csv,3-5 Days refrigerated; normalized to 3-5 days,FoodKeeper value normalized to days (1 week = 7 days; 1 month = 30 days). Product catalogue name retained unchanged.
506,2,165,2,120,360,240,AVAILABLE,HIGH,PRODUCT_SPECIFIC,USDA FoodKeeper open dataset,https://catalog.data.gov/dataset/fsis-foodkeeper-data,FoodKeeper row: Beef — steaks; Official XLS: https://www.fsis.usda.gov/shared/data/EN/FoodKeeper-Data.xls; structured review CSV: https://raw.githubusercontent.com/jelera/food-shelflife-db/master/lib/seeds/ingredients.csv,4-12 Months frozen; normalized to 120-360 days,FoodKeeper value normalized to days (1 week = 7 days; 1 month = 30 days). Product catalogue name retained unchanged.
507,2,165,3,0,0,,NOT_RECOMMENDED,HIGH,FOOD_SAFETY_LIMIT,Singapore Food Agency Food Handlers Handbook,https://www.sfa.gov.sg/docs/default-source/our-services/food-handler%27s-handbook-%28english%29.pdf,"Food Handlers Handbook, section 8.1 Storage of Food: food in the 5-60 C danger zone should not be held at room temperature for more than 2 hours. Supplied source label: MOH/KKM / SFA - Room Temperature Storage Not Recommended",0 days; supplied source labels this storage condition Not Recommended.,Display a warning; do not calculate an endorsed expiry date for this storage condition.
508,2,166,1,3,5,4,AVAILABLE,HIGH,PRODUCT_SPECIFIC,USDA FoodKeeper open dataset,https://catalog.data.gov/dataset/fsis-foodkeeper-data,FoodKeeper row: Beef — steaks; Official XLS: https://www.fsis.usda.gov/shared/data/EN/FoodKeeper-Data.xls; structured review CSV: https://raw.githubusercontent.com/jelera/food-shelflife-db/master/lib/seeds/ingredients.csv,3-5 Days refrigerated; normalized to 3-5 days,FoodKeeper value normalized to days (1 week = 7 days; 1 month = 30 days). Product catalogue name retained unchanged.
509,2,166,2,120,360,240,AVAILABLE,HIGH,PRODUCT_SPECIFIC,USDA FoodKeeper open dataset,https://catalog.data.gov/dataset/fsis-foodkeeper-data,FoodKeeper row: Beef — steaks; Official XLS: https://www.fsis.usda.gov/shared/data/EN/FoodKeeper-Data.xls; structured review CSV: https://raw.githubusercontent.com/jelera/food-shelflife-db/master/lib/seeds/ingredients.csv,4-12 Months frozen; normalized to 120-360 days,FoodKeeper value normalized to days (1 week = 7 days; 1 month = 30 days). Product catalogue name retained unchanged.
510,2,166,3,0,0,,NOT_RECOMMENDED,HIGH,FOOD_SAFETY_LIMIT,Singapore Food Agency Food Handlers Handbook,https://www.sfa.gov.sg/docs/default-source/our-services/food-handler%27s-handbook-%28english%29.pdf,"Food Handlers Handbook, section 8.1 Storage of Food: food in the 5-60 C danger zone should not be held at room temperature for more than 2 hours. Supplied source label: MOH/KKM / SFA - Room Temperature Storage Not Recommended",0 days; supplied source labels this storage condition Not Recommended.,Display a warning; do not calculate an endorsed expiry date for this storage condition.
511,2,167,1,3,5,4,AVAILABLE,HIGH,PRODUCT_SPECIFIC,USDA FoodKeeper open dataset,https://catalog.data.gov/dataset/fsis-foodkeeper-data,"FoodKeeper row: Beef — tenderloin, whole; Official XLS: https://www.fsis.usda.gov/shared/data/EN/FoodKeeper-Data.xls; structured review CSV: https://raw.githubusercontent.com/jelera/food-shelflife-db/master/lib/seeds/ingredients.csv",3-5 Days refrigerated; normalized to 3-5 days,FoodKeeper value normalized to days (1 week = 7 days; 1 month = 30 days). Product catalogue name retained unchanged.
512,2,167,2,120,360,240,AVAILABLE,HIGH,PRODUCT_SPECIFIC,USDA FoodKeeper open dataset,https://catalog.data.gov/dataset/fsis-foodkeeper-data,"FoodKeeper row: Beef — tenderloin, whole; Official XLS: https://www.fsis.usda.gov/shared/data/EN/FoodKeeper-Data.xls; structured review CSV: https://raw.githubusercontent.com/jelera/food-shelflife-db/master/lib/seeds/ingredients.csv",4-12 Months frozen; normalized to 120-360 days,FoodKeeper value normalized to days (1 week = 7 days; 1 month = 30 days). Product catalogue name retained unchanged.
513,2,167,3,0,0,,NOT_RECOMMENDED,HIGH,FOOD_SAFETY_LIMIT,Singapore Food Agency Food Handlers Handbook,https://www.sfa.gov.sg/docs/default-source/our-services/food-handler%27s-handbook-%28english%29.pdf,"Food Handlers Handbook, section 8.1 Storage of Food: food in the 5-60 C danger zone should not be held at room temperature for more than 2 hours. Supplied source label: MOH/KKM / SFA - Room Temperature Storage Not Recommended",0 days; supplied source labels this storage condition Not Recommended.,Display a warning; do not calculate an endorsed expiry date for this storage condition.
514,2,168,1,3,5,4,AVAILABLE,HIGH,PRODUCT_SPECIFIC,USDA FoodKeeper open dataset,https://catalog.data.gov/dataset/fsis-foodkeeper-data,"FoodKeeper row: Beef — chuck roast, brisket; Official XLS: https://www.fsis.usda.gov/shared/data/EN/FoodKeeper-Data.xls; structured review CSV: https://raw.githubusercontent.com/jelera/food-shelflife-db/master/lib/seeds/ingredients.csv",3-5 Days refrigerated; normalized to 3-5 days,FoodKeeper value normalized to days (1 week = 7 days; 1 month = 30 days). Product catalogue name retained unchanged.
515,2,168,2,120,360,240,AVAILABLE,HIGH,PRODUCT_SPECIFIC,USDA FoodKeeper open dataset,https://catalog.data.gov/dataset/fsis-foodkeeper-data,"FoodKeeper row: Beef — chuck roast, brisket; Official XLS: https://www.fsis.usda.gov/shared/data/EN/FoodKeeper-Data.xls; structured review CSV: https://raw.githubusercontent.com/jelera/food-shelflife-db/master/lib/seeds/ingredients.csv",4-12 Months frozen; normalized to 120-360 days,FoodKeeper value normalized to days (1 week = 7 days; 1 month = 30 days). Product catalogue name retained unchanged.
516,2,168,3,0,0,,NOT_RECOMMENDED,HIGH,FOOD_SAFETY_LIMIT,Singapore Food Agency Food Handlers Handbook,https://www.sfa.gov.sg/docs/default-source/our-services/food-handler%27s-handbook-%28english%29.pdf,"Food Handlers Handbook, section 8.1 Storage of Food: food in the 5-60 C danger zone should not be held at room temperature for more than 2 hours. Supplied source label: MOH/KKM / SFA - Room Temperature Storage Not Recommended",0 days; supplied source labels this storage condition Not Recommended.,Display a warning; do not calculate an endorsed expiry date for this storage condition.
517,2,169,1,3,5,4,AVAILABLE,MEDIUM,PRODUCT_GROUP_TABLE,"University of Maine Cooperative Extension, Bulletin #4107, Cold Storage Chart",https://extension.umaine.edu/publications/4107e/,"Cold Storage Chart: fresh beef, veal, lamb or pork steaks, chops and roasts; refrigerator 40 F / freezer 0 F table. This public USDA-reprinted chart is used to verify the supplied value. Supplied source label: Ministry of Health Malaysia (MOH/KKM) / Singa",3-5 days,
518,2,169,2,180,365,272.5,AVAILABLE,MEDIUM,PRODUCT_GROUP_TABLE,"University of Maine Cooperative Extension, Bulletin #4107, Cold Storage Chart",https://extension.umaine.edu/publications/4107e/,"Cold Storage Chart: fresh beef, veal, lamb or pork steaks, chops and roasts; refrigerator 40 F / freezer 0 F table. This public USDA-reprinted chart is used to verify the supplied value. Supplied source label: Ministry of Health Malaysia (MOH/KKM) Panduan",180-365 days,
519,2,169,3,0,0,,NOT_RECOMMENDED,HIGH,FOOD_SAFETY_LIMIT,Singapore Food Agency Food Handlers Handbook,https://www.sfa.gov.sg/docs/default-source/our-services/food-handler%27s-handbook-%28english%29.pdf,"Food Handlers Handbook, section 8.1 Storage of Food: food in the 5-60 C danger zone should not be held at room temperature for more than 2 hours. Supplied source label: MOH/KKM / SFA - Room Temperature Storage Not Recommended",0 days; supplied source labels this storage condition Not Recommended.,Display a warning; do not calculate an endorsed expiry date for this storage condition.
520,2,170,1,3,5,4,AVAILABLE,HIGH,PRODUCT_SPECIFIC,USDA FoodKeeper open dataset,https://catalog.data.gov/dataset/fsis-foodkeeper-data,"FoodKeeper row: Beef — chuck roast, brisket; Official XLS: https://www.fsis.usda.gov/shared/data/EN/FoodKeeper-Data.xls; structured review CSV: https://raw.githubusercontent.com/jelera/food-shelflife-db/master/lib/seeds/ingredients.csv",3-5 Days refrigerated; normalized to 3-5 days,FoodKeeper value normalized to days (1 week = 7 days; 1 month = 30 days). Product catalogue name retained unchanged.
521,2,170,2,120,360,240,AVAILABLE,HIGH,PRODUCT_SPECIFIC,USDA FoodKeeper open dataset,https://catalog.data.gov/dataset/fsis-foodkeeper-data,"FoodKeeper row: Beef — chuck roast, brisket; Official XLS: https://www.fsis.usda.gov/shared/data/EN/FoodKeeper-Data.xls; structured review CSV: https://raw.githubusercontent.com/jelera/food-shelflife-db/master/lib/seeds/ingredients.csv",4-12 Months frozen; normalized to 120-360 days,FoodKeeper value normalized to days (1 week = 7 days; 1 month = 30 days). Product catalogue name retained unchanged.
522,2,170,3,0,0,,NOT_RECOMMENDED,HIGH,FOOD_SAFETY_LIMIT,Singapore Food Agency Food Handlers Handbook,https://www.sfa.gov.sg/docs/default-source/our-services/food-handler%27s-handbook-%28english%29.pdf,"Food Handlers Handbook, section 8.1 Storage of Food: food in the 5-60 C danger zone should not be held at room temperature for more than 2 hours. Supplied source label: MOH/KKM / SFA - Room Temperature Storage Not Recommended",0 days; supplied source labels this storage condition Not Recommended.,Display a warning; do not calculate an endorsed expiry date for this storage condition.
523,2,171,1,3,5,4,AVAILABLE,HIGH,PRODUCT_SPECIFIC,USDA FoodKeeper open dataset,https://catalog.data.gov/dataset/fsis-foodkeeper-data,FoodKeeper row: Beef — short ribs; Official XLS: https://www.fsis.usda.gov/shared/data/EN/FoodKeeper-Data.xls; structured review CSV: https://raw.githubusercontent.com/jelera/food-shelflife-db/master/lib/seeds/ingredients.csv,3-5 Days refrigerated; normalized to 3-5 days,FoodKeeper value normalized to days (1 week = 7 days; 1 month = 30 days). Product catalogue name retained unchanged.
524,2,171,2,120,360,240,AVAILABLE,HIGH,PRODUCT_SPECIFIC,USDA FoodKeeper open dataset,https://catalog.data.gov/dataset/fsis-foodkeeper-data,FoodKeeper row: Beef — short ribs; Official XLS: https://www.fsis.usda.gov/shared/data/EN/FoodKeeper-Data.xls; structured review CSV: https://raw.githubusercontent.com/jelera/food-shelflife-db/master/lib/seeds/ingredients.csv,4-12 Months frozen; normalized to 120-360 days,FoodKeeper value normalized to days (1 week = 7 days; 1 month = 30 days). Product catalogue name retained unchanged.
525,2,171,3,0,0,,NOT_RECOMMENDED,HIGH,FOOD_SAFETY_LIMIT,Singapore Food Agency Food Handlers Handbook,https://www.sfa.gov.sg/docs/default-source/our-services/food-handler%27s-handbook-%28english%29.pdf,"Food Handlers Handbook, section 8.1 Storage of Food: food in the 5-60 C danger zone should not be held at room temperature for more than 2 hours. Supplied source label: MOH/KKM / SFA - Room Temperature Storage Not Recommended",0 days; supplied source labels this storage condition Not Recommended.,Display a warning; do not calculate an endorsed expiry date for this storage condition.
526,2,172,1,3,5,4,AVAILABLE,HIGH,PRODUCT_SPECIFIC,USDA FoodKeeper open dataset,https://catalog.data.gov/dataset/fsis-foodkeeper-data,FoodKeeper row: Beef — steaks; Official XLS: https://www.fsis.usda.gov/shared/data/EN/FoodKeeper-Data.xls; structured review CSV: https://raw.githubusercontent.com/jelera/food-shelflife-db/master/lib/seeds/ingredients.csv,3-5 Days refrigerated; normalized to 3-5 days,FoodKeeper value normalized to days (1 week = 7 days; 1 month = 30 days). Product catalogue name retained unchanged.
527,2,172,2,120,360,240,AVAILABLE,HIGH,PRODUCT_SPECIFIC,USDA FoodKeeper open dataset,https://catalog.data.gov/dataset/fsis-foodkeeper-data,FoodKeeper row: Beef — steaks; Official XLS: https://www.fsis.usda.gov/shared/data/EN/FoodKeeper-Data.xls; structured review CSV: https://raw.githubusercontent.com/jelera/food-shelflife-db/master/lib/seeds/ingredients.csv,4-12 Months frozen; normalized to 120-360 days,FoodKeeper value normalized to days (1 week = 7 days; 1 month = 30 days). Product catalogue name retained unchanged.
528,2,172,3,0,0,,NOT_RECOMMENDED,HIGH,FOOD_SAFETY_LIMIT,Singapore Food Agency Food Handlers Handbook,https://www.sfa.gov.sg/docs/default-source/our-services/food-handler%27s-handbook-%28english%29.pdf,"Food Handlers Handbook, section 8.1 Storage of Food: food in the 5-60 C danger zone should not be held at room temperature for more than 2 hours. Supplied source label: MOH/KKM / SFA - Room Temperature Storage Not Recommended",0 days; supplied source labels this storage condition Not Recommended.,Display a warning; do not calculate an endorsed expiry date for this storage condition.
529,2,173,1,3,5,4,AVAILABLE,MEDIUM,PRODUCT_GROUP_TABLE,"University of Maine Cooperative Extension, Bulletin #4107, Cold Storage Chart",https://extension.umaine.edu/publications/4107e/,"Cold Storage Chart: fresh beef, veal, lamb or pork steaks, chops and roasts; refrigerator 40 F / freezer 0 F table. This public USDA-reprinted chart is used to verify the supplied value. Supplied source label: Ministry of Health Malaysia (MOH/KKM) / Singa",3-5 days,
530,2,173,2,180,365,272.5,AVAILABLE,MEDIUM,PRODUCT_GROUP_TABLE,"University of Maine Cooperative Extension, Bulletin #4107, Cold Storage Chart",https://extension.umaine.edu/publications/4107e/,"Cold Storage Chart: fresh beef, veal, lamb or pork steaks, chops and roasts; refrigerator 40 F / freezer 0 F table. This public USDA-reprinted chart is used to verify the supplied value. Supplied source label: Ministry of Health Malaysia (MOH/KKM) Panduan",180-365 days,
531,2,173,3,0,0,,NOT_RECOMMENDED,HIGH,FOOD_SAFETY_LIMIT,Singapore Food Agency Food Handlers Handbook,https://www.sfa.gov.sg/docs/default-source/our-services/food-handler%27s-handbook-%28english%29.pdf,"Food Handlers Handbook, section 8.1 Storage of Food: food in the 5-60 C danger zone should not be held at room temperature for more than 2 hours. Supplied source label: MOH/KKM / SFA - Room Temperature Storage Not Recommended",0 days; supplied source labels this storage condition Not Recommended.,Display a warning; do not calculate an endorsed expiry date for this storage condition.
532,2,174,1,1,2,1.5,AVAILABLE,HIGH,PRODUCT_SPECIFIC,USDA FoodKeeper open dataset,https://catalog.data.gov/dataset/fsis-foodkeeper-data,FoodKeeper row: Beef — ground; Official XLS: https://www.fsis.usda.gov/shared/data/EN/FoodKeeper-Data.xls; structured review CSV: https://raw.githubusercontent.com/jelera/food-shelflife-db/master/lib/seeds/ingredients.csv,1-2 Days refrigerated; normalized to 1-2 days,FoodKeeper value normalized to days (1 week = 7 days; 1 month = 30 days). Product catalogue name retained unchanged.
533,2,174,2,90,120,105,AVAILABLE,HIGH,PRODUCT_SPECIFIC,USDA FoodKeeper open dataset,https://catalog.data.gov/dataset/fsis-foodkeeper-data,FoodKeeper row: Beef — ground; Official XLS: https://www.fsis.usda.gov/shared/data/EN/FoodKeeper-Data.xls; structured review CSV: https://raw.githubusercontent.com/jelera/food-shelflife-db/master/lib/seeds/ingredients.csv,3-4 Months frozen; normalized to 90-120 days,FoodKeeper value normalized to days (1 week = 7 days; 1 month = 30 days). Product catalogue name retained unchanged.
534,2,174,3,0,0,,NOT_RECOMMENDED,HIGH,FOOD_SAFETY_LIMIT,Singapore Food Agency Food Handlers Handbook,https://www.sfa.gov.sg/docs/default-source/our-services/food-handler%27s-handbook-%28english%29.pdf,"Food Handlers Handbook, section 8.1 Storage of Food: food in the 5-60 C danger zone should not be held at room temperature for more than 2 hours. Supplied source label: MOH/KKM / SFA - Room Temperature Storage Not Recommended",0 days; supplied source labels this storage condition Not Recommended.,Display a warning; do not calculate an endorsed expiry date for this storage condition.
535,2,175,1,2,3,2.5,AVAILABLE,MEDIUM,PRODUCT_GROUP_TABLE,"University of Maine Cooperative Extension, Bulletin #4107, Cold Storage Chart",https://extension.umaine.edu/publications/4107e/,"Cold Storage Chart: fresh beef, veal, lamb or pork steaks, chops and roasts; refrigerator 40 F / freezer 0 F table. This public USDA-reprinted chart is used to verify the supplied value. Supplied source label: Singapore Food Agency (SFA) / DVS Malaysia",2-3 days,
536,2,175,2,180,240,210,AVAILABLE,MEDIUM,PRODUCT_GROUP_TABLE,"University of Maine Cooperative Extension, Bulletin #4107, Cold Storage Chart",https://extension.umaine.edu/publications/4107e/,"Cold Storage Chart: fresh beef, veal, lamb or pork steaks, chops and roasts; refrigerator 40 F / freezer 0 F table. This public USDA-reprinted chart is used to verify the supplied value. Supplied source label: Singapore Food Agency (SFA) / USDA FoodKeeper",180-240 days,
537,2,175,3,0,0,,NOT_RECOMMENDED,HIGH,FOOD_SAFETY_LIMIT,Singapore Food Agency Food Handlers Handbook,https://www.sfa.gov.sg/docs/default-source/our-services/food-handler%27s-handbook-%28english%29.pdf,"Food Handlers Handbook, section 8.1 Storage of Food: food in the 5-60 C danger zone should not be held at room temperature for more than 2 hours. Supplied source label: MOH/KKM / SFA - Room Temperature Storage Not Recommended",0 days; supplied source labels this storage condition Not Recommended.,Display a warning; do not calculate an endorsed expiry date for this storage condition.
538,2,176,1,1,2,1.5,AVAILABLE,HIGH,PRODUCT_SPECIFIC,USDA FoodKeeper open dataset,https://catalog.data.gov/dataset/fsis-foodkeeper-data,"FoodKeeper row: Variety meats — liver, tongue, chitterlings, etc.; Official XLS: https://www.fsis.usda.gov/shared/data/EN/FoodKeeper-Data.xls; structured review CSV: https://raw.githubusercontent.com/jelera/food-shelflife-db/master/lib/seeds/ingredients.csv",1-2 Days refrigerated; normalized to 1-2 days,FoodKeeper value normalized to days (1 week = 7 days; 1 month = 30 days). Product catalogue name retained unchanged.
539,2,176,2,90,120,105,AVAILABLE,HIGH,PRODUCT_SPECIFIC,USDA FoodKeeper open dataset,https://catalog.data.gov/dataset/fsis-foodkeeper-data,"FoodKeeper row: Variety meats — liver, tongue, chitterlings, etc.; Official XLS: https://www.fsis.usda.gov/shared/data/EN/FoodKeeper-Data.xls; structured review CSV: https://raw.githubusercontent.com/jelera/food-shelflife-db/master/lib/seeds/ingredients.csv",3-4 Months frozen; normalized to 90-120 days,FoodKeeper value normalized to days (1 week = 7 days; 1 month = 30 days). Product catalogue name retained unchanged.
540,2,176,3,0,0,,NOT_RECOMMENDED,HIGH,FOOD_SAFETY_LIMIT,Singapore Food Agency Food Handlers Handbook,https://www.sfa.gov.sg/docs/default-source/our-services/food-handler%27s-handbook-%28english%29.pdf,"Food Handlers Handbook, section 8.1 Storage of Food: food in the 5-60 C danger zone should not be held at room temperature for more than 2 hours. Supplied source label: MOH/KKM / SFA - Room Temperature Storage Not Recommended",0 days; supplied source labels this storage condition Not Recommended.,Display a warning; do not calculate an endorsed expiry date for this storage condition.
541,2,177,1,1,2,1.5,AVAILABLE,HIGH,PRODUCT_SPECIFIC,USDA FoodKeeper open dataset,https://catalog.data.gov/dataset/fsis-foodkeeper-data,"FoodKeeper row: Variety meats — liver, tongue, chitterlings, etc.; Official XLS: https://www.fsis.usda.gov/shared/data/EN/FoodKeeper-Data.xls; structured review CSV: https://raw.githubusercontent.com/jelera/food-shelflife-db/master/lib/seeds/ingredients.csv",1-2 Days refrigerated; normalized to 1-2 days,FoodKeeper value normalized to days (1 week = 7 days; 1 month = 30 days). Product catalogue name retained unchanged.
542,2,177,2,90,120,105,AVAILABLE,HIGH,PRODUCT_SPECIFIC,USDA FoodKeeper open dataset,https://catalog.data.gov/dataset/fsis-foodkeeper-data,"FoodKeeper row: Variety meats — liver, tongue, chitterlings, etc.; Official XLS: https://www.fsis.usda.gov/shared/data/EN/FoodKeeper-Data.xls; structured review CSV: https://raw.githubusercontent.com/jelera/food-shelflife-db/master/lib/seeds/ingredients.csv",3-4 Months frozen; normalized to 90-120 days,FoodKeeper value normalized to days (1 week = 7 days; 1 month = 30 days). Product catalogue name retained unchanged.
543,2,177,3,0,0,,NOT_RECOMMENDED,HIGH,FOOD_SAFETY_LIMIT,Singapore Food Agency Food Handlers Handbook,https://www.sfa.gov.sg/docs/default-source/our-services/food-handler%27s-handbook-%28english%29.pdf,"Food Handlers Handbook, section 8.1 Storage of Food: food in the 5-60 C danger zone should not be held at room temperature for more than 2 hours. Supplied source label: MOH/KKM / SFA - Room Temperature Storage Not Recommended",0 days; supplied source labels this storage condition Not Recommended.,Display a warning; do not calculate an endorsed expiry date for this storage condition.
544,2,178,1,1,2,1.5,AVAILABLE,HIGH,PRODUCT_SPECIFIC,USDA FoodKeeper open dataset,https://catalog.data.gov/dataset/fsis-foodkeeper-data,"FoodKeeper row: Variety meats — liver, tongue, chitterlings, etc.; Official XLS: https://www.fsis.usda.gov/shared/data/EN/FoodKeeper-Data.xls; structured review CSV: https://raw.githubusercontent.com/jelera/food-shelflife-db/master/lib/seeds/ingredients.csv",1-2 Days refrigerated; normalized to 1-2 days,FoodKeeper value normalized to days (1 week = 7 days; 1 month = 30 days). Product catalogue name retained unchanged.
545,2,178,2,90,120,105,AVAILABLE,HIGH,PRODUCT_SPECIFIC,USDA FoodKeeper open dataset,https://catalog.data.gov/dataset/fsis-foodkeeper-data,"FoodKeeper row: Variety meats — liver, tongue, chitterlings, etc.; Official XLS: https://www.fsis.usda.gov/shared/data/EN/FoodKeeper-Data.xls; structured review CSV: https://raw.githubusercontent.com/jelera/food-shelflife-db/master/lib/seeds/ingredients.csv",3-4 Months frozen; normalized to 90-120 days,FoodKeeper value normalized to days (1 week = 7 days; 1 month = 30 days). Product catalogue name retained unchanged.
546,2,178,3,0,0,,NOT_RECOMMENDED,HIGH,FOOD_SAFETY_LIMIT,Singapore Food Agency Food Handlers Handbook,https://www.sfa.gov.sg/docs/default-source/our-services/food-handler%27s-handbook-%28english%29.pdf,"Food Handlers Handbook, section 8.1 Storage of Food: food in the 5-60 C danger zone should not be held at room temperature for more than 2 hours. Supplied source label: MOH/KKM / SFA - Room Temperature Storage Not Recommended",0 days; supplied source labels this storage condition Not Recommended.,Display a warning; do not calculate an endorsed expiry date for this storage condition.
547,2,179,1,3,5,4,AVAILABLE,HIGH,PRODUCT_SPECIFIC,USDA FoodKeeper open dataset,https://catalog.data.gov/dataset/fsis-foodkeeper-data,"FoodKeeper row: Lamb — stew meat, pieces; Official XLS: https://www.fsis.usda.gov/shared/data/EN/FoodKeeper-Data.xls; structured review CSV: https://raw.githubusercontent.com/jelera/food-shelflife-db/master/lib/seeds/ingredients.csv",3-5 Days refrigerated; normalized to 3-5 days,FoodKeeper value normalized to days (1 week = 7 days; 1 month = 30 days). Product catalogue name retained unchanged.
548,2,179,2,120,360,240,AVAILABLE,HIGH,PRODUCT_SPECIFIC,USDA FoodKeeper open dataset,https://catalog.data.gov/dataset/fsis-foodkeeper-data,"FoodKeeper row: Lamb — stew meat, pieces; Official XLS: https://www.fsis.usda.gov/shared/data/EN/FoodKeeper-Data.xls; structured review CSV: https://raw.githubusercontent.com/jelera/food-shelflife-db/master/lib/seeds/ingredients.csv",4-12 Months frozen; normalized to 120-360 days,FoodKeeper value normalized to days (1 week = 7 days; 1 month = 30 days). Product catalogue name retained unchanged.
549,2,179,3,0,0,,NOT_RECOMMENDED,HIGH,FOOD_SAFETY_LIMIT,Singapore Food Agency Food Handlers Handbook,https://www.sfa.gov.sg/docs/default-source/our-services/food-handler%27s-handbook-%28english%29.pdf,"Food Handlers Handbook, section 8.1 Storage of Food: food in the 5-60 C danger zone should not be held at room temperature for more than 2 hours. Supplied source label: MOH/KKM / SFA - Room Temperature Storage Not Recommended",0 days; supplied source labels this storage condition Not Recommended.,Display a warning; do not calculate an endorsed expiry date for this storage condition.
550,2,180,1,3,5,4,AVAILABLE,HIGH,PRODUCT_SPECIFIC,USDA FoodKeeper open dataset,https://catalog.data.gov/dataset/fsis-foodkeeper-data,"FoodKeeper row: Goat — tender whole cuts (legs, ribs, shoulder, loin); Official XLS: https://www.fsis.usda.gov/shared/data/EN/FoodKeeper-Data.xls; structured review CSV: https://raw.githubusercontent.com/jelera/food-shelflife-db/master/lib/seeds/ingredients.csv",3-5 Days refrigerated; normalized to 3-5 days,FoodKeeper value normalized to days (1 week = 7 days; 1 month = 30 days). Product catalogue name retained unchanged.
551,2,180,2,120,360,240,AVAILABLE,HIGH,PRODUCT_SPECIFIC,USDA FoodKeeper open dataset,https://catalog.data.gov/dataset/fsis-foodkeeper-data,"FoodKeeper row: Goat — tender whole cuts (legs, ribs, shoulder, loin); Official XLS: https://www.fsis.usda.gov/shared/data/EN/FoodKeeper-Data.xls; structured review CSV: https://raw.githubusercontent.com/jelera/food-shelflife-db/master/lib/seeds/ingredients.csv",4-12 Months frozen; normalized to 120-360 days,FoodKeeper value normalized to days (1 week = 7 days; 1 month = 30 days). Product catalogue name retained unchanged.
552,2,180,3,0,0,,NOT_RECOMMENDED,HIGH,FOOD_SAFETY_LIMIT,Singapore Food Agency Food Handlers Handbook,https://www.sfa.gov.sg/docs/default-source/our-services/food-handler%27s-handbook-%28english%29.pdf,"Food Handlers Handbook, section 8.1 Storage of Food: food in the 5-60 C danger zone should not be held at room temperature for more than 2 hours. Supplied source label: MOH/KKM / SFA - Room Temperature Storage Not Recommended",0 days; supplied source labels this storage condition Not Recommended.,Display a warning; do not calculate an endorsed expiry date for this storage condition.
553,2,181,1,3,5,4,AVAILABLE,HIGH,PRODUCT_SPECIFIC,USDA FoodKeeper open dataset,https://catalog.data.gov/dataset/fsis-foodkeeper-data,"FoodKeeper row: Lamb — chops, ribs, or loin; Official XLS: https://www.fsis.usda.gov/shared/data/EN/FoodKeeper-Data.xls; structured review CSV: https://raw.githubusercontent.com/jelera/food-shelflife-db/master/lib/seeds/ingredients.csv",3-5 Days refrigerated; normalized to 3-5 days,FoodKeeper value normalized to days (1 week = 7 days; 1 month = 30 days). Product catalogue name retained unchanged.
554,2,181,2,120,360,240,AVAILABLE,HIGH,PRODUCT_SPECIFIC,USDA FoodKeeper open dataset,https://catalog.data.gov/dataset/fsis-foodkeeper-data,"FoodKeeper row: Lamb — chops, ribs, or loin; Official XLS: https://www.fsis.usda.gov/shared/data/EN/FoodKeeper-Data.xls; structured review CSV: https://raw.githubusercontent.com/jelera/food-shelflife-db/master/lib/seeds/ingredients.csv",4-12 Months frozen; normalized to 120-360 days,FoodKeeper value normalized to days (1 week = 7 days; 1 month = 30 days). Product catalogue name retained unchanged.
555,2,181,3,0,0,,NOT_RECOMMENDED,HIGH,FOOD_SAFETY_LIMIT,Singapore Food Agency Food Handlers Handbook,https://www.sfa.gov.sg/docs/default-source/our-services/food-handler%27s-handbook-%28english%29.pdf,"Food Handlers Handbook, section 8.1 Storage of Food: food in the 5-60 C danger zone should not be held at room temperature for more than 2 hours. Supplied source label: MOH/KKM / SFA - Room Temperature Storage Not Recommended",0 days; supplied source labels this storage condition Not Recommended.,Display a warning; do not calculate an endorsed expiry date for this storage condition.
556,2,182,1,3,5,4,AVAILABLE,HIGH,PRODUCT_SPECIFIC,USDA FoodKeeper open dataset,https://catalog.data.gov/dataset/fsis-foodkeeper-data,FoodKeeper row: Lamb — shanks; Official XLS: https://www.fsis.usda.gov/shared/data/EN/FoodKeeper-Data.xls; structured review CSV: https://raw.githubusercontent.com/jelera/food-shelflife-db/master/lib/seeds/ingredients.csv,3-5 Days refrigerated; normalized to 3-5 days,FoodKeeper value normalized to days (1 week = 7 days; 1 month = 30 days). Product catalogue name retained unchanged.
557,2,182,2,120,360,240,AVAILABLE,HIGH,PRODUCT_SPECIFIC,USDA FoodKeeper open dataset,https://catalog.data.gov/dataset/fsis-foodkeeper-data,FoodKeeper row: Lamb — shanks; Official XLS: https://www.fsis.usda.gov/shared/data/EN/FoodKeeper-Data.xls; structured review CSV: https://raw.githubusercontent.com/jelera/food-shelflife-db/master/lib/seeds/ingredients.csv,4-12 Months frozen; normalized to 120-360 days,FoodKeeper value normalized to days (1 week = 7 days; 1 month = 30 days). Product catalogue name retained unchanged.
558,2,182,3,0,0,,NOT_RECOMMENDED,HIGH,FOOD_SAFETY_LIMIT,Singapore Food Agency Food Handlers Handbook,https://www.sfa.gov.sg/docs/default-source/our-services/food-handler%27s-handbook-%28english%29.pdf,"Food Handlers Handbook, section 8.1 Storage of Food: food in the 5-60 C danger zone should not be held at room temperature for more than 2 hours. Supplied source label: MOH/KKM / SFA - Room Temperature Storage Not Recommended",0 days; supplied source labels this storage condition Not Recommended.,Display a warning; do not calculate an endorsed expiry date for this storage condition.
559,2,183,1,3,5,4,AVAILABLE,HIGH,PRODUCT_SPECIFIC,USDA FoodKeeper open dataset,https://catalog.data.gov/dataset/fsis-foodkeeper-data,FoodKeeper row: Lamb — shoulder roast or shank leg half; Official XLS: https://www.fsis.usda.gov/shared/data/EN/FoodKeeper-Data.xls; structured review CSV: https://raw.githubusercontent.com/jelera/food-shelflife-db/master/lib/seeds/ingredients.csv,3-5 Days refrigerated; normalized to 3-5 days,FoodKeeper value normalized to days (1 week = 7 days; 1 month = 30 days). Product catalogue name retained unchanged.
560,2,183,2,120,360,240,AVAILABLE,HIGH,PRODUCT_SPECIFIC,USDA FoodKeeper open dataset,https://catalog.data.gov/dataset/fsis-foodkeeper-data,FoodKeeper row: Lamb — shoulder roast or shank leg half; Official XLS: https://www.fsis.usda.gov/shared/data/EN/FoodKeeper-Data.xls; structured review CSV: https://raw.githubusercontent.com/jelera/food-shelflife-db/master/lib/seeds/ingredients.csv,4-12 Months frozen; normalized to 120-360 days,FoodKeeper value normalized to days (1 week = 7 days; 1 month = 30 days). Product catalogue name retained unchanged.
561,2,183,3,0,0,,NOT_RECOMMENDED,HIGH,FOOD_SAFETY_LIMIT,Singapore Food Agency Food Handlers Handbook,https://www.sfa.gov.sg/docs/default-source/our-services/food-handler%27s-handbook-%28english%29.pdf,"Food Handlers Handbook, section 8.1 Storage of Food: food in the 5-60 C danger zone should not be held at room temperature for more than 2 hours. Supplied source label: MOH/KKM / SFA - Room Temperature Storage Not Recommended",0 days; supplied source labels this storage condition Not Recommended.,Display a warning; do not calculate an endorsed expiry date for this storage condition.
562,2,184,1,3,5,4,AVAILABLE,HIGH,PRODUCT_SPECIFIC,USDA FoodKeeper open dataset,https://catalog.data.gov/dataset/fsis-foodkeeper-data,"FoodKeeper row: Lamb — leg; boneless, rolled; Official XLS: https://www.fsis.usda.gov/shared/data/EN/FoodKeeper-Data.xls; structured review CSV: https://raw.githubusercontent.com/jelera/food-shelflife-db/master/lib/seeds/ingredients.csv",3-5 Days refrigerated; normalized to 3-5 days,FoodKeeper value normalized to days (1 week = 7 days; 1 month = 30 days). Product catalogue name retained unchanged.
563,2,184,2,120,360,240,AVAILABLE,HIGH,PRODUCT_SPECIFIC,USDA FoodKeeper open dataset,https://catalog.data.gov/dataset/fsis-foodkeeper-data,"FoodKeeper row: Lamb — leg; boneless, rolled; Official XLS: https://www.fsis.usda.gov/shared/data/EN/FoodKeeper-Data.xls; structured review CSV: https://raw.githubusercontent.com/jelera/food-shelflife-db/master/lib/seeds/ingredients.csv",4-12 Months frozen; normalized to 120-360 days,FoodKeeper value normalized to days (1 week = 7 days; 1 month = 30 days). Product catalogue name retained unchanged.
564,2,184,3,0,0,,NOT_RECOMMENDED,HIGH,FOOD_SAFETY_LIMIT,Singapore Food Agency Food Handlers Handbook,https://www.sfa.gov.sg/docs/default-source/our-services/food-handler%27s-handbook-%28english%29.pdf,"Food Handlers Handbook, section 8.1 Storage of Food: food in the 5-60 C danger zone should not be held at room temperature for more than 2 hours. Supplied source label: MOH/KKM / SFA - Room Temperature Storage Not Recommended",0 days; supplied source labels this storage condition Not Recommended.,Display a warning; do not calculate an endorsed expiry date for this storage condition.
565,2,185,1,3,5,4,AVAILABLE,HIGH,PRODUCT_SPECIFIC,USDA FoodKeeper open dataset,https://catalog.data.gov/dataset/fsis-foodkeeper-data,"FoodKeeper row: Lamb — chops, ribs, or loin; Official XLS: https://www.fsis.usda.gov/shared/data/EN/FoodKeeper-Data.xls; structured review CSV: https://raw.githubusercontent.com/jelera/food-shelflife-db/master/lib/seeds/ingredients.csv",3-5 Days refrigerated; normalized to 3-5 days,FoodKeeper value normalized to days (1 week = 7 days; 1 month = 30 days). Product catalogue name retained unchanged.
566,2,185,2,120,360,240,AVAILABLE,HIGH,PRODUCT_SPECIFIC,USDA FoodKeeper open dataset,https://catalog.data.gov/dataset/fsis-foodkeeper-data,"FoodKeeper row: Lamb — chops, ribs, or loin; Official XLS: https://www.fsis.usda.gov/shared/data/EN/FoodKeeper-Data.xls; structured review CSV: https://raw.githubusercontent.com/jelera/food-shelflife-db/master/lib/seeds/ingredients.csv",4-12 Months frozen; normalized to 120-360 days,FoodKeeper value normalized to days (1 week = 7 days; 1 month = 30 days). Product catalogue name retained unchanged.
567,2,185,3,0,0,,NOT_RECOMMENDED,HIGH,FOOD_SAFETY_LIMIT,Singapore Food Agency Food Handlers Handbook,https://www.sfa.gov.sg/docs/default-source/our-services/food-handler%27s-handbook-%28english%29.pdf,"Food Handlers Handbook, section 8.1 Storage of Food: food in the 5-60 C danger zone should not be held at room temperature for more than 2 hours. Supplied source label: MOH/KKM / SFA - Room Temperature Storage Not Recommended",0 days; supplied source labels this storage condition Not Recommended.,Display a warning; do not calculate an endorsed expiry date for this storage condition.
568,2,186,1,1,2,1.5,AVAILABLE,HIGH,PRODUCT_SPECIFIC,USDA FoodKeeper open dataset,https://catalog.data.gov/dataset/fsis-foodkeeper-data,FoodKeeper row: Lamb — ground; Official XLS: https://www.fsis.usda.gov/shared/data/EN/FoodKeeper-Data.xls; structured review CSV: https://raw.githubusercontent.com/jelera/food-shelflife-db/master/lib/seeds/ingredients.csv,1-2 Days refrigerated; normalized to 1-2 days,FoodKeeper value normalized to days (1 week = 7 days; 1 month = 30 days). Product catalogue name retained unchanged.
569,2,186,2,90,120,105,AVAILABLE,HIGH,PRODUCT_SPECIFIC,USDA FoodKeeper open dataset,https://catalog.data.gov/dataset/fsis-foodkeeper-data,FoodKeeper row: Lamb — ground; Official XLS: https://www.fsis.usda.gov/shared/data/EN/FoodKeeper-Data.xls; structured review CSV: https://raw.githubusercontent.com/jelera/food-shelflife-db/master/lib/seeds/ingredients.csv,3-4 Months frozen; normalized to 90-120 days,FoodKeeper value normalized to days (1 week = 7 days; 1 month = 30 days). Product catalogue name retained unchanged.
570,2,186,3,0,0,,NOT_RECOMMENDED,HIGH,FOOD_SAFETY_LIMIT,Singapore Food Agency Food Handlers Handbook,https://www.sfa.gov.sg/docs/default-source/our-services/food-handler%27s-handbook-%28english%29.pdf,"Food Handlers Handbook, section 8.1 Storage of Food: food in the 5-60 C danger zone should not be held at room temperature for more than 2 hours. Supplied source label: MOH/KKM / SFA - Room Temperature Storage Not Recommended",0 days; supplied source labels this storage condition Not Recommended.,Display a warning; do not calculate an endorsed expiry date for this storage condition.
571,2,187,1,3,5,4,AVAILABLE,MEDIUM,PRODUCT_GROUP_TABLE,"University of Maine Cooperative Extension, Bulletin #4107, Cold Storage Chart",https://extension.umaine.edu/publications/4107e/,"Cold Storage Chart: fresh beef, veal, lamb or pork steaks, chops and roasts; refrigerator 40 F / freezer 0 F table. This public USDA-reprinted chart is used to verify the supplied value. Supplied source label: Singapore Food Agency (SFA) / USDA FoodKeeper",3-5 days,
572,2,187,2,180,240,210,AVAILABLE,MEDIUM,PRODUCT_GROUP_TABLE,"University of Maine Cooperative Extension, Bulletin #4107, Cold Storage Chart",https://extension.umaine.edu/publications/4107e/,"Cold Storage Chart: fresh beef, veal, lamb or pork steaks, chops and roasts; refrigerator 40 F / freezer 0 F table. This public USDA-reprinted chart is used to verify the supplied value. Supplied source label: Ministry of Health Malaysia (MOH/KKM) / SFA",180-240 days,
573,2,187,3,0,0,,NOT_RECOMMENDED,HIGH,FOOD_SAFETY_LIMIT,Singapore Food Agency Food Handlers Handbook,https://www.sfa.gov.sg/docs/default-source/our-services/food-handler%27s-handbook-%28english%29.pdf,"Food Handlers Handbook, section 8.1 Storage of Food: food in the 5-60 C danger zone should not be held at room temperature for more than 2 hours. Supplied source label: MOH/KKM / SFA - Room Temperature Storage Not Recommended",0 days; supplied source labels this storage condition Not Recommended.,Display a warning; do not calculate an endorsed expiry date for this storage condition.
574,2,188,1,3,5,4,AVAILABLE,HIGH,PRODUCT_SPECIFIC,USDA FoodKeeper open dataset,https://catalog.data.gov/dataset/fsis-foodkeeper-data,"FoodKeeper row: Pork — loin roast, boneless; Official XLS: https://www.fsis.usda.gov/shared/data/EN/FoodKeeper-Data.xls; structured review CSV: https://raw.githubusercontent.com/jelera/food-shelflife-db/master/lib/seeds/ingredients.csv",3-5 Days refrigerated; normalized to 3-5 days,FoodKeeper value normalized to days (1 week = 7 days; 1 month = 30 days). Product catalogue name retained unchanged.
575,2,188,2,120,360,240,AVAILABLE,HIGH,PRODUCT_SPECIFIC,USDA FoodKeeper open dataset,https://catalog.data.gov/dataset/fsis-foodkeeper-data,"FoodKeeper row: Pork — loin roast, boneless; Official XLS: https://www.fsis.usda.gov/shared/data/EN/FoodKeeper-Data.xls; structured review CSV: https://raw.githubusercontent.com/jelera/food-shelflife-db/master/lib/seeds/ingredients.csv",4-12 Months frozen; normalized to 120-360 days,FoodKeeper value normalized to days (1 week = 7 days; 1 month = 30 days). Product catalogue name retained unchanged.
576,2,188,3,0,0,,NOT_RECOMMENDED,HIGH,FOOD_SAFETY_LIMIT,Singapore Food Agency Food Handlers Handbook,https://www.sfa.gov.sg/docs/default-source/our-services/food-handler%27s-handbook-%28english%29.pdf,"Food Handlers Handbook, section 8.1 Storage of Food: food in the 5-60 C danger zone should not be held at room temperature for more than 2 hours. Supplied source label: MOH/KKM / SFA - Room Temperature Storage Not Recommended",0 days; supplied source labels this storage condition Not Recommended.,Display a warning; do not calculate an endorsed expiry date for this storage condition.
577,2,189,1,3,5,4,AVAILABLE,HIGH,PRODUCT_SPECIFIC,USDA FoodKeeper open dataset,https://catalog.data.gov/dataset/fsis-foodkeeper-data,FoodKeeper row: Pork — shoulder; Official XLS: https://www.fsis.usda.gov/shared/data/EN/FoodKeeper-Data.xls; structured review CSV: https://raw.githubusercontent.com/jelera/food-shelflife-db/master/lib/seeds/ingredients.csv,3-5 Days refrigerated; normalized to 3-5 days,FoodKeeper value normalized to days (1 week = 7 days; 1 month = 30 days). Product catalogue name retained unchanged.
578,2,189,2,120,360,240,AVAILABLE,HIGH,PRODUCT_SPECIFIC,USDA FoodKeeper open dataset,https://catalog.data.gov/dataset/fsis-foodkeeper-data,FoodKeeper row: Pork — shoulder; Official XLS: https://www.fsis.usda.gov/shared/data/EN/FoodKeeper-Data.xls; structured review CSV: https://raw.githubusercontent.com/jelera/food-shelflife-db/master/lib/seeds/ingredients.csv,4-12 Months frozen; normalized to 120-360 days,FoodKeeper value normalized to days (1 week = 7 days; 1 month = 30 days). Product catalogue name retained unchanged.
579,2,189,3,0,0,,NOT_RECOMMENDED,HIGH,FOOD_SAFETY_LIMIT,Singapore Food Agency Food Handlers Handbook,https://www.sfa.gov.sg/docs/default-source/our-services/food-handler%27s-handbook-%28english%29.pdf,"Food Handlers Handbook, section 8.1 Storage of Food: food in the 5-60 C danger zone should not be held at room temperature for more than 2 hours. Supplied source label: MOH/KKM / SFA - Room Temperature Storage Not Recommended",0 days; supplied source labels this storage condition Not Recommended.,Display a warning; do not calculate an endorsed expiry date for this storage condition.
580,2,190,1,3,5,4,AVAILABLE,HIGH,PRODUCT_SPECIFIC,USDA FoodKeeper open dataset,https://catalog.data.gov/dataset/fsis-foodkeeper-data,FoodKeeper row: Pork — shoulder; Official XLS: https://www.fsis.usda.gov/shared/data/EN/FoodKeeper-Data.xls; structured review CSV: https://raw.githubusercontent.com/jelera/food-shelflife-db/master/lib/seeds/ingredients.csv,3-5 Days refrigerated; normalized to 3-5 days,FoodKeeper value normalized to days (1 week = 7 days; 1 month = 30 days). Product catalogue name retained unchanged.
581,2,190,2,120,360,240,AVAILABLE,HIGH,PRODUCT_SPECIFIC,USDA FoodKeeper open dataset,https://catalog.data.gov/dataset/fsis-foodkeeper-data,FoodKeeper row: Pork — shoulder; Official XLS: https://www.fsis.usda.gov/shared/data/EN/FoodKeeper-Data.xls; structured review CSV: https://raw.githubusercontent.com/jelera/food-shelflife-db/master/lib/seeds/ingredients.csv,4-12 Months frozen; normalized to 120-360 days,FoodKeeper value normalized to days (1 week = 7 days; 1 month = 30 days). Product catalogue name retained unchanged.
582,2,190,3,0,0,,NOT_RECOMMENDED,HIGH,FOOD_SAFETY_LIMIT,Singapore Food Agency Food Handlers Handbook,https://www.sfa.gov.sg/docs/default-source/our-services/food-handler%27s-handbook-%28english%29.pdf,"Food Handlers Handbook, section 8.1 Storage of Food: food in the 5-60 C danger zone should not be held at room temperature for more than 2 hours. Supplied source label: MOH/KKM / SFA - Room Temperature Storage Not Recommended",0 days; supplied source labels this storage condition Not Recommended.,Display a warning; do not calculate an endorsed expiry date for this storage condition.
583,2,191,1,3,5,4,AVAILABLE,HIGH,PRODUCT_SPECIFIC,USDA FoodKeeper open dataset,https://catalog.data.gov/dataset/fsis-foodkeeper-data,FoodKeeper row: Pork — ribs; Official XLS: https://www.fsis.usda.gov/shared/data/EN/FoodKeeper-Data.xls; structured review CSV: https://raw.githubusercontent.com/jelera/food-shelflife-db/master/lib/seeds/ingredients.csv,3-5 Days refrigerated; normalized to 3-5 days,FoodKeeper value normalized to days (1 week = 7 days; 1 month = 30 days). Product catalogue name retained unchanged.
584,2,191,2,120,360,240,AVAILABLE,HIGH,PRODUCT_SPECIFIC,USDA FoodKeeper open dataset,https://catalog.data.gov/dataset/fsis-foodkeeper-data,FoodKeeper row: Pork — ribs; Official XLS: https://www.fsis.usda.gov/shared/data/EN/FoodKeeper-Data.xls; structured review CSV: https://raw.githubusercontent.com/jelera/food-shelflife-db/master/lib/seeds/ingredients.csv,4-12 Months frozen; normalized to 120-360 days,FoodKeeper value normalized to days (1 week = 7 days; 1 month = 30 days). Product catalogue name retained unchanged.
585,2,191,3,0,0,,NOT_RECOMMENDED,HIGH,FOOD_SAFETY_LIMIT,Singapore Food Agency Food Handlers Handbook,https://www.sfa.gov.sg/docs/default-source/our-services/food-handler%27s-handbook-%28english%29.pdf,"Food Handlers Handbook, section 8.1 Storage of Food: food in the 5-60 C danger zone should not be held at room temperature for more than 2 hours. Supplied source label: MOH/KKM / SFA - Room Temperature Storage Not Recommended",0 days; supplied source labels this storage condition Not Recommended.,Display a warning; do not calculate an endorsed expiry date for this storage condition.
586,2,192,1,3,5,4,AVAILABLE,HIGH,PRODUCT_SPECIFIC,USDA FoodKeeper open dataset,https://catalog.data.gov/dataset/fsis-foodkeeper-data,"FoodKeeper row: Pork — loin chops, boneless; Official XLS: https://www.fsis.usda.gov/shared/data/EN/FoodKeeper-Data.xls; structured review CSV: https://raw.githubusercontent.com/jelera/food-shelflife-db/master/lib/seeds/ingredients.csv",3-5 Days refrigerated; normalized to 3-5 days,FoodKeeper value normalized to days (1 week = 7 days; 1 month = 30 days). Product catalogue name retained unchanged.
587,2,192,2,120,360,240,AVAILABLE,HIGH,PRODUCT_SPECIFIC,USDA FoodKeeper open dataset,https://catalog.data.gov/dataset/fsis-foodkeeper-data,"FoodKeeper row: Pork — loin chops, boneless; Official XLS: https://www.fsis.usda.gov/shared/data/EN/FoodKeeper-Data.xls; structured review CSV: https://raw.githubusercontent.com/jelera/food-shelflife-db/master/lib/seeds/ingredients.csv",4-12 Months frozen; normalized to 120-360 days,FoodKeeper value normalized to days (1 week = 7 days; 1 month = 30 days). Product catalogue name retained unchanged.
588,2,192,3,0,0,,NOT_RECOMMENDED,HIGH,FOOD_SAFETY_LIMIT,Singapore Food Agency Food Handlers Handbook,https://www.sfa.gov.sg/docs/default-source/our-services/food-handler%27s-handbook-%28english%29.pdf,"Food Handlers Handbook, section 8.1 Storage of Food: food in the 5-60 C danger zone should not be held at room temperature for more than 2 hours. Supplied source label: MOH/KKM / SFA - Room Temperature Storage Not Recommended",0 days; supplied source labels this storage condition Not Recommended.,Display a warning; do not calculate an endorsed expiry date for this storage condition.
589,2,193,1,1,2,1.5,AVAILABLE,HIGH,PRODUCT_SPECIFIC,USDA FoodKeeper open dataset,https://catalog.data.gov/dataset/fsis-foodkeeper-data,FoodKeeper row: Pork — ground; Official XLS: https://www.fsis.usda.gov/shared/data/EN/FoodKeeper-Data.xls; structured review CSV: https://raw.githubusercontent.com/jelera/food-shelflife-db/master/lib/seeds/ingredients.csv,1-2 Days refrigerated; normalized to 1-2 days,FoodKeeper value normalized to days (1 week = 7 days; 1 month = 30 days). Product catalogue name retained unchanged.
590,2,193,2,90,120,105,AVAILABLE,HIGH,PRODUCT_SPECIFIC,USDA FoodKeeper open dataset,https://catalog.data.gov/dataset/fsis-foodkeeper-data,FoodKeeper row: Pork — ground; Official XLS: https://www.fsis.usda.gov/shared/data/EN/FoodKeeper-Data.xls; structured review CSV: https://raw.githubusercontent.com/jelera/food-shelflife-db/master/lib/seeds/ingredients.csv,3-4 Months frozen; normalized to 90-120 days,FoodKeeper value normalized to days (1 week = 7 days; 1 month = 30 days). Product catalogue name retained unchanged.
591,2,193,3,0,0,,NOT_RECOMMENDED,HIGH,FOOD_SAFETY_LIMIT,Singapore Food Agency Food Handlers Handbook,https://www.sfa.gov.sg/docs/default-source/our-services/food-handler%27s-handbook-%28english%29.pdf,"Food Handlers Handbook, section 8.1 Storage of Food: food in the 5-60 C danger zone should not be held at room temperature for more than 2 hours. Supplied source label: MOH/KKM / SFA - Room Temperature Storage Not Recommended",0 days; supplied source labels this storage condition Not Recommended.,Display a warning; do not calculate an endorsed expiry date for this storage condition.
592,2,194,1,1,2,1.5,AVAILABLE,HIGH,PRODUCT_SPECIFIC,USDA FoodKeeper open dataset,https://catalog.data.gov/dataset/fsis-foodkeeper-data,"FoodKeeper row: Variety meats — liver, tongue, chitterlings, etc.; Official XLS: https://www.fsis.usda.gov/shared/data/EN/FoodKeeper-Data.xls; structured review CSV: https://raw.githubusercontent.com/jelera/food-shelflife-db/master/lib/seeds/ingredients.csv",1-2 Days refrigerated; normalized to 1-2 days,FoodKeeper value normalized to days (1 week = 7 days; 1 month = 30 days). Product catalogue name retained unchanged.
593,2,194,2,90,120,105,AVAILABLE,HIGH,PRODUCT_SPECIFIC,USDA FoodKeeper open dataset,https://catalog.data.gov/dataset/fsis-foodkeeper-data,"FoodKeeper row: Variety meats — liver, tongue, chitterlings, etc.; Official XLS: https://www.fsis.usda.gov/shared/data/EN/FoodKeeper-Data.xls; structured review CSV: https://raw.githubusercontent.com/jelera/food-shelflife-db/master/lib/seeds/ingredients.csv",3-4 Months frozen; normalized to 90-120 days,FoodKeeper value normalized to days (1 week = 7 days; 1 month = 30 days). Product catalogue name retained unchanged.
594,2,194,3,0,0,,NOT_RECOMMENDED,HIGH,FOOD_SAFETY_LIMIT,Singapore Food Agency Food Handlers Handbook,https://www.sfa.gov.sg/docs/default-source/our-services/food-handler%27s-handbook-%28english%29.pdf,"Food Handlers Handbook, section 8.1 Storage of Food: food in the 5-60 C danger zone should not be held at room temperature for more than 2 hours. Supplied source label: MOH/KKM / SFA - Room Temperature Storage Not Recommended",0 days; supplied source labels this storage condition Not Recommended.,Display a warning; do not calculate an endorsed expiry date for this storage condition.
595,2,195,1,1,2,1.5,AVAILABLE,HIGH,PRODUCT_SPECIFIC,USDA FoodKeeper open dataset,https://catalog.data.gov/dataset/fsis-foodkeeper-data,"FoodKeeper row: Variety meats — liver, tongue, chitterlings, etc.; Official XLS: https://www.fsis.usda.gov/shared/data/EN/FoodKeeper-Data.xls; structured review CSV: https://raw.githubusercontent.com/jelera/food-shelflife-db/master/lib/seeds/ingredients.csv",1-2 Days refrigerated; normalized to 1-2 days,FoodKeeper value normalized to days (1 week = 7 days; 1 month = 30 days). Product catalogue name retained unchanged.
596,2,195,2,90,120,105,AVAILABLE,HIGH,PRODUCT_SPECIFIC,USDA FoodKeeper open dataset,https://catalog.data.gov/dataset/fsis-foodkeeper-data,"FoodKeeper row: Variety meats — liver, tongue, chitterlings, etc.; Official XLS: https://www.fsis.usda.gov/shared/data/EN/FoodKeeper-Data.xls; structured review CSV: https://raw.githubusercontent.com/jelera/food-shelflife-db/master/lib/seeds/ingredients.csv",3-4 Months frozen; normalized to 90-120 days,FoodKeeper value normalized to days (1 week = 7 days; 1 month = 30 days). Product catalogue name retained unchanged.
597,2,195,3,0,0,,NOT_RECOMMENDED,HIGH,FOOD_SAFETY_LIMIT,Singapore Food Agency Food Handlers Handbook,https://www.sfa.gov.sg/docs/default-source/our-services/food-handler%27s-handbook-%28english%29.pdf,"Food Handlers Handbook, section 8.1 Storage of Food: food in the 5-60 C danger zone should not be held at room temperature for more than 2 hours. Supplied source label: MOH/KKM / SFA - Room Temperature Storage Not Recommended",0 days; supplied source labels this storage condition Not Recommended.,Display a warning; do not calculate an endorsed expiry date for this storage condition.
598,2,196,1,1,2,1.5,AVAILABLE,HIGH,PRODUCT_SPECIFIC,USDA FoodKeeper open dataset,https://catalog.data.gov/dataset/fsis-foodkeeper-data,"FoodKeeper row: Variety meats — liver, tongue, chitterlings, etc.; Official XLS: https://www.fsis.usda.gov/shared/data/EN/FoodKeeper-Data.xls; structured review CSV: https://raw.githubusercontent.com/jelera/food-shelflife-db/master/lib/seeds/ingredients.csv",1-2 Days refrigerated; normalized to 1-2 days,FoodKeeper value normalized to days (1 week = 7 days; 1 month = 30 days). Product catalogue name retained unchanged.
599,2,196,2,90,120,105,AVAILABLE,HIGH,PRODUCT_SPECIFIC,USDA FoodKeeper open dataset,https://catalog.data.gov/dataset/fsis-foodkeeper-data,"FoodKeeper row: Variety meats — liver, tongue, chitterlings, etc.; Official XLS: https://www.fsis.usda.gov/shared/data/EN/FoodKeeper-Data.xls; structured review CSV: https://raw.githubusercontent.com/jelera/food-shelflife-db/master/lib/seeds/ingredients.csv",3-4 Months frozen; normalized to 90-120 days,FoodKeeper value normalized to days (1 week = 7 days; 1 month = 30 days). Product catalogue name retained unchanged.
600,2,196,3,0,0,,NOT_RECOMMENDED,HIGH,FOOD_SAFETY_LIMIT,Singapore Food Agency Food Handlers Handbook,https://www.sfa.gov.sg/docs/default-source/our-services/food-handler%27s-handbook-%28english%29.pdf,"Food Handlers Handbook, section 8.1 Storage of Food: food in the 5-60 C danger zone should not be held at room temperature for more than 2 hours. Supplied source label: MOH/KKM / SFA - Room Temperature Storage Not Recommended",0 days; supplied source labels this storage condition Not Recommended.,Display a warning; do not calculate an endorsed expiry date for this storage condition.
601,2,197,1,3,5,4,AVAILABLE,HIGH,PRODUCT_SPECIFIC,USDA FoodKeeper open dataset,https://catalog.data.gov/dataset/fsis-foodkeeper-data,FoodKeeper row: Pork — tenderloin; Official XLS: https://www.fsis.usda.gov/shared/data/EN/FoodKeeper-Data.xls; structured review CSV: https://raw.githubusercontent.com/jelera/food-shelflife-db/master/lib/seeds/ingredients.csv,3-5 Days refrigerated; normalized to 3-5 days,FoodKeeper value normalized to days (1 week = 7 days; 1 month = 30 days). Product catalogue name retained unchanged.
602,2,197,2,120,360,240,AVAILABLE,HIGH,PRODUCT_SPECIFIC,USDA FoodKeeper open dataset,https://catalog.data.gov/dataset/fsis-foodkeeper-data,FoodKeeper row: Pork — tenderloin; Official XLS: https://www.fsis.usda.gov/shared/data/EN/FoodKeeper-Data.xls; structured review CSV: https://raw.githubusercontent.com/jelera/food-shelflife-db/master/lib/seeds/ingredients.csv,4-12 Months frozen; normalized to 120-360 days,FoodKeeper value normalized to days (1 week = 7 days; 1 month = 30 days). Product catalogue name retained unchanged.
603,2,197,3,0,0,,NOT_RECOMMENDED,HIGH,FOOD_SAFETY_LIMIT,Singapore Food Agency Food Handlers Handbook,https://www.sfa.gov.sg/docs/default-source/our-services/food-handler%27s-handbook-%28english%29.pdf,"Food Handlers Handbook, section 8.1 Storage of Food: food in the 5-60 C danger zone should not be held at room temperature for more than 2 hours. Supplied source label: MOH/KKM / SFA - Room Temperature Storage Not Recommended",0 days; supplied source labels this storage condition Not Recommended.,Display a warning; do not calculate an endorsed expiry date for this storage condition.
604,2,198,1,1,2,1.5,AVAILABLE,MEDIUM,PRODUCT_GROUP_TABLE,"University of Maine Cooperative Extension, Bulletin #4107, Cold Storage Chart",https://extension.umaine.edu/publications/4107e/,"Cold Storage Chart: fresh beef, veal, lamb or pork steaks, chops and roasts; refrigerator 40 F / freezer 0 F table. This public USDA-reprinted chart is used to verify the supplied value. Supplied source label: Singapore Food Agency (SFA) Food Storage Guid",1-2 days,
605,2,198,2,90,180,135,AVAILABLE,MEDIUM,PRODUCT_GROUP_TABLE,"University of Maine Cooperative Extension, Bulletin #4107, Cold Storage Chart",https://extension.umaine.edu/publications/4107e/,"Cold Storage Chart: fresh beef, veal, lamb or pork steaks, chops and roasts; refrigerator 40 F / freezer 0 F table. This public USDA-reprinted chart is used to verify the supplied value. Supplied source label: Singapore Food Agency (SFA) / USDA FoodKeeper",90-180 days,
606,2,198,3,0,0,,NOT_RECOMMENDED,HIGH,FOOD_SAFETY_LIMIT,Singapore Food Agency Food Handlers Handbook,https://www.sfa.gov.sg/docs/default-source/our-services/food-handler%27s-handbook-%28english%29.pdf,"Food Handlers Handbook, section 8.1 Storage of Food: food in the 5-60 C danger zone should not be held at room temperature for more than 2 hours. Supplied source label: MOH/KKM / SFA - Room Temperature Storage Not Recommended",0 days; supplied source labels this storage condition Not Recommended.,Display a warning; do not calculate an endorsed expiry date for this storage condition.
607,2,199,1,3,5,4,AVAILABLE,HIGH,PRODUCT_SPECIFIC,USDA FoodKeeper open dataset,https://catalog.data.gov/dataset/fsis-foodkeeper-data,FoodKeeper row: Beef — steaks; Official XLS: https://www.fsis.usda.gov/shared/data/EN/FoodKeeper-Data.xls; structured review CSV: https://raw.githubusercontent.com/jelera/food-shelflife-db/master/lib/seeds/ingredients.csv,3-5 Days refrigerated; normalized to 3-5 days,FoodKeeper value normalized to days (1 week = 7 days; 1 month = 30 days). Product catalogue name retained unchanged.
608,2,199,2,120,360,240,AVAILABLE,HIGH,PRODUCT_SPECIFIC,USDA FoodKeeper open dataset,https://catalog.data.gov/dataset/fsis-foodkeeper-data,FoodKeeper row: Beef — steaks; Official XLS: https://www.fsis.usda.gov/shared/data/EN/FoodKeeper-Data.xls; structured review CSV: https://raw.githubusercontent.com/jelera/food-shelflife-db/master/lib/seeds/ingredients.csv,4-12 Months frozen; normalized to 120-360 days,FoodKeeper value normalized to days (1 week = 7 days; 1 month = 30 days). Product catalogue name retained unchanged.
609,2,199,3,0,0,,NOT_RECOMMENDED,HIGH,FOOD_SAFETY_LIMIT,Singapore Food Agency Food Handlers Handbook,https://www.sfa.gov.sg/docs/default-source/our-services/food-handler%27s-handbook-%28english%29.pdf,"Food Handlers Handbook, section 8.1 Storage of Food: food in the 5-60 C danger zone should not be held at room temperature for more than 2 hours. Supplied source label: MOH/KKM / SFA - Room Temperature Storage Not Recommended",0 days; supplied source labels this storage condition Not Recommended.,Display a warning; do not calculate an endorsed expiry date for this storage condition.
610,2,200,1,3,5,4,AVAILABLE,HIGH,PRODUCT_SPECIFIC,USDA FoodKeeper open dataset,https://catalog.data.gov/dataset/fsis-foodkeeper-data,FoodKeeper row: Beef — round or rump roast; Official XLS: https://www.fsis.usda.gov/shared/data/EN/FoodKeeper-Data.xls; structured review CSV: https://raw.githubusercontent.com/jelera/food-shelflife-db/master/lib/seeds/ingredients.csv,3-5 Days refrigerated; normalized to 3-5 days,FoodKeeper value normalized to days (1 week = 7 days; 1 month = 30 days). Product catalogue name retained unchanged.
611,2,200,2,120,360,240,AVAILABLE,HIGH,PRODUCT_SPECIFIC,USDA FoodKeeper open dataset,https://catalog.data.gov/dataset/fsis-foodkeeper-data,FoodKeeper row: Beef — round or rump roast; Official XLS: https://www.fsis.usda.gov/shared/data/EN/FoodKeeper-Data.xls; structured review CSV: https://raw.githubusercontent.com/jelera/food-shelflife-db/master/lib/seeds/ingredients.csv,4-12 Months frozen; normalized to 120-360 days,FoodKeeper value normalized to days (1 week = 7 days; 1 month = 30 days). Product catalogue name retained unchanged.
612,2,200,3,0,0,,NOT_RECOMMENDED,HIGH,FOOD_SAFETY_LIMIT,Singapore Food Agency Food Handlers Handbook,https://www.sfa.gov.sg/docs/default-source/our-services/food-handler%27s-handbook-%28english%29.pdf,"Food Handlers Handbook, section 8.1 Storage of Food: food in the 5-60 C danger zone should not be held at room temperature for more than 2 hours. Supplied source label: MOH/KKM / SFA - Room Temperature Storage Not Recommended",0 days; supplied source labels this storage condition Not Recommended.,Display a warning; do not calculate an endorsed expiry date for this storage condition.
